   0.0000000000000000        0.0000000000000000     
  0.10000000000000001        2.0024247593767211E-004
  0.20000000000000001        1.6881447982081669E-004
  0.30000000000000004        1.4024351503592200E-004
  0.40000000000000002        1.2201646180329934E-004
  0.50000000000000000        1.1640169316260994E-004
  0.60000000000000009        1.1904391214244085E-004
  0.70000000000000007        1.2144593154258695E-004
  0.80000000000000004        1.1588303448549794E-004
  0.90000000000000002        9.9870575644699989E-005
   1.0000000000000000        7.7567240822257180E-005
   1.1000000000000001        5.7291479792145051E-005
   1.2000000000000002        4.6605520863024700E-005
   1.3000000000000000        4.7846292480934480E-005
   1.4000000000000001        5.6720820771026542E-005
   1.5000000000000000        6.4788575893466246E-005
   1.6000000000000001        6.4376347661819223E-005
   1.7000000000000002        5.3046315014144280E-005
   1.8000000000000000        3.4999731265609313E-005
   1.9000000000000001        1.8593743929277653E-005
   2.0000000000000000        1.1425761076528480E-005
   2.1000000000000001        1.5864692755790486E-005
   2.2000000000000002        2.7646639276133534E-005
   2.3000000000000003        3.8357501873945030E-005
   2.4000000000000004        4.0348098613840971E-005
   2.5000000000000000        3.1202452298416172E-005
   2.6000000000000001        1.5141674301457644E-005
   2.7000000000000002        5.4096491654579901E-007
   2.8000000000000003       -4.9858561663297207E-006
   2.9000000000000004        9.4504075450442472E-007
   3.0000000000000000        1.4083319309214995E-005
   3.1000000000000001        2.6027211026065356E-005
   3.2000000000000002        2.9138743325893220E-005
   3.3000000000000003        2.1012129335105906E-005
   3.4000000000000004        5.8777443582057136E-006
   3.5000000000000000       -7.8807895560525497E-006
   3.6000000000000001       -1.2641996576630900E-005
   3.7000000000000002       -6.0150868736478993E-006
   3.8000000000000003        7.7559305723276604E-006
   3.9000000000000004        2.0275039461602515E-005
   4.0000000000000000        2.3909496462313958E-005
   4.1000000000000005        1.6258268562038526E-005
   4.2000000000000002        1.5560527572397356E-006
   4.2999999999999998       -1.1809600092463996E-005
   4.4000000000000004       -1.6213642509803881E-005
   4.5000000000000000       -9.2620377137875580E-006
   4.6000000000000005        4.8041570887456201E-006
   4.7000000000000002        1.7591609028758755E-005
   4.8000000000000007        2.1470014256798104E-005
   4.9000000000000004        1.4040557471715323E-005
   5.0000000000000000       -4.6004822887204654E-007
   5.1000000000000005       -1.3642419166119230E-005
   5.2000000000000002       -1.7879841663464560E-005
   5.3000000000000007       -1.0776764213290326E-005
   5.4000000000000004        3.4271330017658164E-006
   5.5000000000000000        1.6339768952847394E-005
   5.6000000000000005        2.0331977827025275E-005
   5.7000000000000002        1.3005978901807068E-005
   5.8000000000000007       -1.4005741991409868E-006
   5.9000000000000004       -1.4497442773295303E-005
   6.0000000000000000       -1.8657135849843576E-005
   6.1000000000000005       -1.1483395290032381E-005
   6.2000000000000002        2.7847411154406697E-006
   6.3000000000000007        1.5755776330390300E-005
   6.4000000000000004        1.9801075444314000E-005
   6.5000000000000000        1.2523340373288516E-005
   6.6000000000000005       -1.8393364966862082E-006
   6.7000000000000002       -1.4896317588238261E-005
   6.8000000000000007       -1.9019749317058003E-005
   6.9000000000000004       -1.1813043895758478E-005
   7.0000000000000000        2.4850605655373816E-006
   7.1000000000000005        1.5483339467529771E-005
   7.2000000000000002        1.9553405569611729E-005
   7.3000000000000007        1.2298185942309452E-005
   7.4000000000000004       -2.0440223425138349E-006
   7.5000000000000000       -1.5082395629429854E-005
   7.6000000000000005       -1.9188911172259503E-005
   7.7000000000000002       -1.1966827400098821E-005
   7.8000000000000007        2.3452573801265757E-006
   7.9000000000000004        1.5356245662931709E-005
   8.0000000000000000        1.9437865747541606E-005
   8.0999999999999996        1.2193149740692851E-005
   8.2000000000000011       -2.1395097982880172E-006
   8.3000000000000007       -1.5169202407187111E-005
   8.4000000000000004       -1.9267826424566723E-005
   8.5000000000000000       -1.2038568538378806E-005
   8.5999999999999996        2.2800381636729446E-006
   8.7000000000000011        1.5296955466305640E-005
   8.8000000000000007        1.9383965568926695E-005
   8.9000000000000004        1.2144149578439327E-005
   9.0000000000000000       -2.1840554002239775E-006
   9.0999999999999996       -1.5209698408844886E-005
   9.2000000000000011       -1.9304640971435505E-005
   9.3000000000000007       -1.2072036308174853E-005
   9.4000000000000004        2.2496129184806566E-006
   9.5000000000000000        1.5269296152564107E-005
   9.6000000000000014        1.9358820738316123E-005
   9.7000000000000011        1.2121290641578270E-005
   9.8000000000000007       -2.2048362518633916E-006
   9.9000000000000004       -1.5228590092105764E-005
