   0.0000000000000000        0.0000000000000000     
  0.10000000000000001        2.0024247593767215E-005
  0.20000000000000001        3.6905695575848886E-005
  0.30000000000000004        5.0930047079441083E-005
  0.40000000000000002        6.3131693259771017E-005
  0.50000000000000000        7.4771862576032011E-005
  0.60000000000000009        8.6676253790276089E-005
  0.70000000000000007        9.8820846944534788E-005
  0.80000000000000004        1.1040915039308458E-004
  0.90000000000000002        1.2039620795755457E-004
   1.0000000000000000        1.2815293203978029E-004
   1.1000000000000001        1.3388208001899478E-004
   1.2000000000000002        1.3854263210529727E-004
   1.3000000000000000        1.4332726135339073E-004
   1.4000000000000001        1.4899934343049338E-004
   1.5000000000000000        1.5547820101984001E-004
   1.6000000000000001        1.6191583578602190E-004
   1.7000000000000002        1.6722046728743633E-004
   1.8000000000000000        1.7072044041399726E-004
   1.9000000000000001        1.7257981480692502E-004
   2.0000000000000000        1.7372239091457785E-004
   2.1000000000000001        1.7530886019015689E-004
   2.2000000000000002        1.7807352411777024E-004
   2.3000000000000003        1.8190927430516475E-004
   2.4000000000000004        1.8594408416654885E-004
   2.5000000000000000        1.8906432939639047E-004
   2.6000000000000001        1.9057849682653621E-004
   2.7000000000000002        1.9063259331819079E-004
   2.8000000000000003        1.9013400770155782E-004
   2.9000000000000004        1.9022851177700827E-004
   3.0000000000000000        1.9163684370792977E-004
   3.1000000000000001        1.9423956481053628E-004
   3.2000000000000002        1.9715343914312561E-004
   3.3000000000000003        1.9925465207663620E-004
   3.4000000000000004        1.9984242651245677E-004
   3.5000000000000000        1.9905434755685151E-004
   3.6000000000000001        1.9779014789918841E-004
   3.7000000000000002        1.9718863921182361E-004
   3.8000000000000003        1.9796423226905636E-004
   3.9000000000000004        1.9999173621521659E-004
   4.0000000000000000        2.0238268586144799E-004
   4.1000000000000005        2.0400851271765183E-004
   4.2000000000000002        2.0416411799337579E-004
   4.2999999999999998        2.0298315798412939E-004
   4.4000000000000004        2.0136179373314898E-004
   4.5000000000000000        2.0043558996177022E-004
   4.6000000000000005        2.0091600567064477E-004
   4.7000000000000002        2.0267516657352064E-004
   4.8000000000000007        2.0482216799920045E-004
   4.9000000000000004        2.0622622374637196E-004
   5.0000000000000000        2.0618021892348476E-004
   5.1000000000000005        2.0481597700687285E-004
   5.2000000000000002        2.0302799284052639E-004
   5.3000000000000007        2.0195031641919735E-004
   5.4000000000000004        2.0229302971937392E-004
   5.5000000000000000        2.0392700661465865E-004
   5.6000000000000005        2.0596020439736119E-004
   5.7000000000000002        2.0726080228754189E-004
   5.8000000000000007        2.0712074486762779E-004
   5.9000000000000004        2.0567100059029825E-004
   6.0000000000000000        2.0380528700531387E-004
   6.1000000000000005        2.0265694747631063E-004
   6.2000000000000002        2.0293542158785469E-004
   6.3000000000000007        2.0451099922089372E-004
   6.4000000000000004        2.0649110676532512E-004
   6.5000000000000000        2.0774344080265396E-004
   6.6000000000000005        2.0755950715298533E-004
   6.7000000000000002        2.0606987539416151E-004
   6.8000000000000007        2.0416790046245568E-004
   6.9000000000000004        2.0298659607287980E-004
   7.0000000000000000        2.0323510212943353E-004
   7.1000000000000005        2.0478343607618652E-004
   7.2000000000000002        2.0673877663314770E-004
   7.3000000000000007        2.0796859522737864E-004
   7.4000000000000004        2.0776419299312724E-004
   7.5000000000000000        2.0625595343018425E-004
   7.6000000000000005        2.0433706231295828E-004
   7.7000000000000002        2.0314037957294839E-004
   7.8000000000000007        2.0337490531096105E-004
   7.9000000000000004        2.0491052987725420E-004
   8.0000000000000000        2.0685431645200836E-004
   8.0999999999999996        2.0807363142607763E-004
   8.2000000000000011        2.0785968044624882E-004
   8.3000000000000007        2.0634276020553010E-004
   8.4000000000000004        2.0441597756307343E-004
   8.5000000000000000        2.0321212070923555E-004
   8.5999999999999996        2.0344012452560285E-004
   8.7000000000000011        2.0496982007223340E-004
   8.8000000000000007        2.0690821662912607E-004
   8.9000000000000004        2.0812263158697002E-004
   9.0000000000000000        2.0790422604694762E-004
   9.0999999999999996        2.0638325620606313E-004
   9.2000000000000011        2.0445279210891957E-004
   9.3000000000000007        2.0324558847810209E-004
   9.4000000000000004        2.0347054976995013E-004
   9.5000000000000000        2.0499747938520653E-004
   9.6000000000000014        2.0693336145903815E-004
   9.7000000000000011        2.0814549052319598E-004
   9.8000000000000007        2.0792500689800964E-004
   9.9000000000000004        2.0640214788879906E-004
