   0.0000000000000000        0.0000000000000000     
  0.10000000000000001        2.1989966887381277E-004
  0.20000000000000001        2.0574440891917115E-004
  0.30000000000000004        1.9119779961490596E-004
  0.40000000000000002        1.8515819238149438E-004
  0.50000000000000000        1.9116351185506498E-004
  0.60000000000000009        2.0569592229623427E-004
  0.70000000000000007        2.2024253476079169E-004
  0.80000000000000004        2.2628214095358500E-004
  0.90000000000000002        2.2027682147826840E-004
   1.0000000000000000        2.0574441103709911E-004
   1.1000000000000001        1.9119779857254164E-004
   1.2000000000000002        1.8515819237974835E-004
   1.3000000000000000        1.9116351185506492E-004
   1.4000000000000001        2.0569592229623430E-004
   1.5000000000000000        2.2024253476079166E-004
   1.6000000000000001        2.2628214095358500E-004
   1.7000000000000002        2.2027682147826840E-004
   1.8000000000000000        2.0574441103709911E-004
   1.9000000000000001        1.9119779857254164E-004
   2.0000000000000000        1.8515819237974835E-004
   2.1000000000000001        1.9116351185506492E-004
   2.2000000000000002        2.0569592229623430E-004
   2.3000000000000003        2.2024253476079169E-004
   2.4000000000000004        2.2628214095358500E-004
   2.5000000000000000        2.2027682147826840E-004
   2.6000000000000001        2.0574441103709908E-004
   2.7000000000000002        1.9119779857254161E-004
   2.8000000000000003        1.8515819237974835E-004
   2.9000000000000004        1.9116351185506498E-004
   3.0000000000000000        2.0569592229623419E-004
   3.1000000000000001        2.2024253476079166E-004
   3.2000000000000002        2.2628214095358500E-004
   3.3000000000000003        2.2027682147826840E-004
   3.4000000000000004        2.0574441103709911E-004
   3.5000000000000000        1.9119779857254164E-004
   3.6000000000000001        1.8515819237974835E-004
   3.7000000000000002        1.9116351185506492E-004
   3.8000000000000003        2.0569592229623427E-004
   3.9000000000000004        2.2024253476079169E-004
   4.0000000000000000        2.2628214095358500E-004
   4.1000000000000005        2.2027682147826835E-004
   4.2000000000000002        2.0574441103709911E-004
   4.2999999999999998        1.9119779857254172E-004
   4.4000000000000004        1.8515819237974835E-004
   4.5000000000000000        1.9116351185506492E-004
   4.6000000000000005        2.0569592229623433E-004
   4.7000000000000002        2.2024253476079169E-004
   4.8000000000000007        2.2628214095358500E-004
   4.9000000000000004        2.2027682147826835E-004
   5.0000000000000000        2.0574441103709911E-004
   5.1000000000000005        1.9119779857254158E-004
   5.2000000000000002        1.8515819237974835E-004
   5.3000000000000007        1.9116351185506503E-004
   5.4000000000000004        2.0569592229623433E-004
   5.5000000000000000        2.2024253476079169E-004
   5.6000000000000005        2.2628214095358500E-004
   5.7000000000000002        2.2027682147826835E-004
   5.8000000000000007        2.0574441103709894E-004
   5.9000000000000004        1.9119779857254158E-004
   6.0000000000000000        1.8515819237974835E-004
   6.1000000000000005        1.9116351185506490E-004
   6.2000000000000002        2.0569592229623419E-004
   6.3000000000000007        2.2024253476079169E-004
   6.4000000000000004        2.2628214095358500E-004
   6.5000000000000000        2.2027682147826846E-004
   6.6000000000000005        2.0574441103709911E-004
   6.7000000000000002        1.9119779857254172E-004
   6.8000000000000007        1.8515819237974835E-004
   6.9000000000000004        1.9116351185506490E-004
   7.0000000000000000        2.0569592229623419E-004
   7.1000000000000005        2.2024253476079166E-004
   7.2000000000000002        2.2628214095358500E-004
   7.3000000000000007        2.2027682147826835E-004
   7.4000000000000004        2.0574441103709911E-004
   7.5000000000000000        1.9119779857254172E-004
   7.6000000000000005        1.8515819237974835E-004
   7.7000000000000002        1.9116351185506490E-004
   7.8000000000000007        2.0569592229623433E-004
   7.9000000000000004        2.2024253476079166E-004
   8.0000000000000000        2.2628214095358500E-004
   8.0999999999999996        2.2027682147826846E-004
   8.2000000000000011        2.0574441103709894E-004
   8.3000000000000007        1.9119779857254158E-004
   8.4000000000000004        1.8515819237974835E-004
   8.5000000000000000        1.9116351185506490E-004
   8.5999999999999996        2.0569592229623414E-004
   8.7000000000000011        2.2024253476079177E-004
   8.8000000000000007        2.2628214095358500E-004
   8.9000000000000004        2.2027682147826840E-004
   9.0000000000000000        2.0574441103709913E-004
   9.0999999999999996        1.9119779857254172E-004
   9.2000000000000011        1.8515819237974835E-004
   9.3000000000000007        1.9116351185506503E-004
   9.4000000000000004        2.0569592229623430E-004
   9.5000000000000000        2.2024253476079166E-004
   9.6000000000000014        2.2628214095358500E-004
   9.7000000000000011        2.2027682147826829E-004
   9.8000000000000007        2.0574441103709897E-004
   9.9000000000000004        1.9119779857254158E-004
