   0.0000000000000000        0.0000000000000000     
  0.10000000000000001        4.4507044909681447E-004
  0.20000000000000001       -1.7526483081533131E-005
  0.30000000000000004        4.1296029442947980E-004
  0.40000000000000002       -3.5110306260216061E-005
  0.50000000000000000        4.0990399096161434E-004
  0.60000000000000009       -1.1551153708639836E-005
  0.70000000000000007        4.3598239966334806E-004
  0.80000000000000004        1.2063230883359777E-005
  0.90000000000000002        4.3300958553103418E-004
   1.0000000000000000       -5.4685053554274360E-006
   1.1000000000000001        4.0090571749202045E-004
   1.2000000000000002       -2.3059641488182585E-005
   1.3000000000000000        3.9785774616067697E-004
   1.4000000000000001        4.9016688540617350E-007
   1.5000000000000000        4.2394650394349774E-004
   1.6000000000000001        2.4093204628668164E-005
   1.7000000000000002        4.2098602729533644E-004
   1.8000000000000000        6.5481473990405023E-006
   1.9000000000000001        3.8889645662892484E-004
   2.0000000000000000       -1.1058255367243182E-005
   2.1000000000000001        3.8586471407558027E-004
   2.2000000000000002        1.2474369195666826E-005
   2.3000000000000003        4.1197160359491864E-004
   2.4000000000000004        3.6058334378182043E-005
   2.5000000000000000        4.0903113323563500E-004
   2.6000000000000001        1.8492344221855174E-005
   2.7000000000000002        3.7696341504949902E-004
   2.8000000000000003        8.6317649962631060E-007
   2.9000000000000004        3.7395534285647198E-004
   3.0000000000000000        2.4371232362265091E-005
   3.1000000000000001        4.0008769235876242E-004
   3.2000000000000002        4.7928853329008670E-005
   3.3000000000000003        3.9717444340588284E-004
   3.4000000000000004        3.0334771609897746E-005
   3.5000000000000000        3.6513567991285295E-004
   3.6000000000000001        1.2675793081848264E-005
   3.7000000000000002        3.6215826762945897E-004
   3.8000000000000003        3.6152346930985204E-005
   3.9000000000000004        3.8832295425838512E-004
   4.0000000000000000        5.9676802639237398E-005
   4.1000000000000005        3.8544369172427792E-004
   4.2000000000000002        4.2047920302699471E-005
   4.2999999999999998        3.5344053609589316E-004
   4.4000000000000004        2.4352533603792987E-005
   4.5000000000000000        3.5050032535923067E-004
   4.6000000000000005        4.7791099449756797E-005
   4.7000000000000002        3.7670377953947728E-004
   4.8000000000000007        7.1276014955464764E-005
   4.9000000000000004        3.7386482297381514E-004
   5.0000000000000000        5.3606067758075234E-005
   5.1000000000000005        3.4190348423724845E-004
   5.2000000000000002        3.5868118985545689E-005
   5.3000000000000007        3.3900657391935251E-004
   5.4000000000000004        5.9262652891541587E-005
   5.5000000000000000        3.6525478474976449E-004
   5.6000000000000005        8.2702093834737271E-005
   5.7000000000000002        3.6246201387447777E-004
   5.8000000000000007        6.4985256590013927E-005
   5.9000000000000004        3.3054826278508661E-004
   6.0000000000000000        4.7199029313587195E-005
   6.1000000000000005        3.2770031509889137E-004
   6.2000000000000002        7.0543923174591356E-005
   6.3000000000000007        3.5399883668768052E-004
   6.4000000000000004        9.3932389331122972E-005
   6.5000000000000000        3.5125769795725167E-004
   6.6000000000000005        7.6163269238241479E-005
   6.7000000000000002        3.1939687377982069E-004
   6.8000000000000007        5.8323477609965185E-005
   6.9000000000000004        3.1660312127722740E-004
   7.0000000000000000        8.1613552047787332E-005
   7.1000000000000005        3.4295707995275559E-004
   7.2000000000000002        1.0494597001371188E-004
   7.3000000000000007        3.4027259397362861E-004
   7.4000000000000004        8.7119599135310839E-005
   7.5000000000000000        3.0846961210633173E-004
   7.6000000000000005        6.9221380164838798E-005
   7.7000000000000002        3.0573486550266774E-004
   7.8000000000000007        9.2451876604929338E-005
   7.9000000000000004        3.3214896783436657E-004
   8.0000000000000000        1.1572359167887183E-004
   8.0999999999999996        3.2952573757830811E-004
   8.2000000000000011        9.7835418632972960E-005
   8.3000000000000007        2.9778509795451089E-004
   8.4000000000000004        7.9874323693034902E-005
   8.5000000000000000        2.9511375471479430E-004
   8.5999999999999996        1.0304089568747454E-004
   8.7000000000000011        3.2159229627993255E-004
   8.8000000000000007        1.2624766301508783E-004
   8.9000000000000004        3.1903451602736276E-004
   9.0000000000000000        1.0829354394495356E-004
   9.0999999999999996        2.8736031223160094E-004
   9.2000000000000011        9.0265529570515712E-005
   9.3000000000000007        2.8475636585526855E-004
   9.4000000000000004        1.1336423343036826E-004
   9.5000000000000000        3.1130324068855434E-004
   9.6000000000000014        1.3650220847373799E-004
   9.7000000000000011        3.0881470563917304E-004
   9.8000000000000007        1.1847839735817109E-004
   9.9000000000000004        2.7721063467496949E-004
