   0.0000000000000000        0.0000000000000000     
  0.10000000000000001        8.9014089819362870E-003
  0.20000000000000001       -1.8153347625503240E-002
  0.30000000000000004        2.6763083175723491E-002
  0.40000000000000002       -3.5724495189517411E-002
  0.50000000000000000        4.4624781133954017E-002
  0.60000000000000009       -5.3053884027359097E-002
  0.70000000000000007        6.2004555094798852E-002
  0.80000000000000004       -7.0482938470398618E-002
  0.90000000000000002        7.8901865563352103E-002
   1.0000000000000000       -8.7671427381081329E-002
   1.1000000000000001        9.5798911838030271E-002
   1.2000000000000002      -0.10427821901763433     
   1.3000000000000000       0.11269656677061153     
   1.4000000000000001      -0.12064391835611694     
   1.5000000000000000       0.12911304509727878     
   1.6000000000000001      -0.13711011108357538     
   1.7000000000000002       0.14504796753690874     
   1.8000000000000000      -0.15333672513483468     
   1.9000000000000001       0.16098369131943235     
   2.0000000000000000      -0.16898278555935572     
   2.1000000000000001       0.17692124494821218     
   2.2000000000000002      -0.18438905184581042     
   2.3000000000000003       0.19237899653379542     
   2.4000000000000004      -0.19989726191813015     
   2.5000000000000000       0.20735671789527921     
   2.6000000000000001      -0.21516749367555479     
   2.7000000000000002       0.22233691509210762     
   2.8000000000000003      -0.22985891986310505     
   2.9000000000000004       0.23732076319024198     
   3.0000000000000000      -0.24431244540012614     
   3.1000000000000001       0.25182677460005609     
   3.2000000000000002      -0.25886995138065116     
   3.3000000000000003       0.26585486318218859     
   3.4000000000000004      -0.27319165661810824     
   3.5000000000000000       0.27988767478416737     
   3.6000000000000001      -0.28693687252078748     
   3.7000000000000002       0.29392652201173963     
   3.8000000000000003      -0.30044664042570912     
   3.9000000000000004       0.30749005257225709     
   4.0000000000000000      -0.31406297560464003     
   4.1000000000000005       0.32057831338634080     
   4.2000000000000002      -0.32744622881477237     
   4.2999999999999998       0.33367408113063624     
   4.4000000000000004      -0.34025584118047819     
   4.5000000000000000       0.34677879701558695     
   4.6000000000000005      -0.35283298153377640     
   4.7000000000000002       0.35941123513557083     
   4.8000000000000007      -0.36551979042725102     
   4.9000000000000004       0.37157156658761797     
   5.0000000000000000      -0.37797674169193279     
   5.1000000000000005       0.38374269002151623     
   5.2000000000000002      -0.38986339732655029     
   5.3000000000000007       0.39592616642522638     
   5.4000000000000004      -0.40152104484578255     
   5.5000000000000000       0.40764088748294697     
   5.6000000000000005      -0.41329194130124747     
   5.7000000000000002       0.41888713970204228     
   5.8000000000000007      -0.42483667484773152     
   5.9000000000000004       0.43014793497163295     
   6.0000000000000000      -0.43581491964106295     
   6.1000000000000005       0.44142494535676902     
   6.2000000000000002      -0.44656807319525499     
   6.3000000000000007       0.45223717146551673     
   6.4000000000000004      -0.45743850041264789     
   6.5000000000000000       0.46258500658517043     
   6.6000000000000005      -0.46808689515955054     
   6.7000000000000002       0.47295156725038212     
   6.8000000000000007      -0.47817303517377913     
   6.9000000000000004       0.48333862804712435     
   7.0000000000000000      -0.48803841943171317     
   7.1000000000000005       0.49326528998981251     
   7.2000000000000002      -0.49802551218859331     
   7.3000000000000007       0.50273204466779153     
   7.4000000000000004      -0.50779510456455790     
   7.5000000000000000       0.51222210482397834     
   7.6000000000000005      -0.51700706946280828     
   7.7000000000000002       0.52173733916956488     
   7.8000000000000007      -0.52600299894751956     
   7.9000000000000004       0.53079694077210826     
   8.0000000000000000      -0.53512544829521813     
   8.0999999999999996       0.53940149121320691     
   8.2000000000000011      -0.54403529759211344     
   8.3000000000000007       0.54803429117854408     
   8.4000000000000004      -0.55239250666377360     
   8.5000000000000000       0.55669729528420875     
   8.5999999999999996      -0.56053875246475515     
   8.7000000000000011       0.56490978047660423     
   8.8000000000000007      -0.56881667314190110     
   8.9000000000000004       0.57267241020214665     
   9.0000000000000000      -0.57688722964379480     
   9.0999999999999996       0.58046856500952770     
   9.2000000000000011      -0.58441046066274926     
   9.3000000000000007       0.58830027738844426     
   9.4000000000000004      -0.59172812003694231     
   9.5000000000000000       0.59568690018210602     
   9.6000000000000014      -0.59918292082640223     
   9.7000000000000011       0.60262917076971101     
   9.8000000000000007      -0.60643589693533106     
   9.9000000000000004       0.60961054168166695     
