   0.0000000000000000        0.0000000000000000     
  0.10000000000000001        2.1264701248248785E-005
  0.20000000000000001        3.9524597104710853E-005
  0.30000000000000004        5.4660039566196241E-005
  0.40000000000000002        6.7374415132499620E-005
  0.50000000000000000        7.8877873490730143E-005
  0.60000000000000009        9.0265407945176694E-005
  0.70000000000000007        1.0195378303607200E-004
  0.80000000000000004        1.1350862355612518E-004
  0.90000000000000002        1.2396297941790903E-004
   1.0000000000000000        1.3244208661840313E-004
   1.1000000000000001        1.3872824413029710E-004
   1.2000000000000002        1.4343612381191047E-004
   1.3000000000000000        1.4769560972342595E-004
   1.4000000000000001        1.5252907388697837E-004
   1.5000000000000000        1.5828757587426690E-004
   1.6000000000000001        1.6447729312483206E-004
   1.7000000000000002        1.7007748985176191E-004
   1.8000000000000000        1.7416473879940545E-004
   1.9000000000000001        1.7647731028428429E-004
   2.0000000000000000        1.7759004071315888E-004
   2.1000000000000001        1.7859677254813399E-004
   2.2000000000000002        1.8048726874565624E-004
   2.3000000000000003        1.8358308543797383E-004
   2.4000000000000004        1.8736370647577538E-004
   2.5000000000000000        1.9078424473077321E-004
   2.6000000000000001        1.9289942173289992E-004
   2.7000000000000002        1.9342773765320702E-004
   2.8000000000000003        1.9292614162318023E-004
   2.9000000000000004        1.9247229238057240E-004
   3.0000000000000000        1.9304131046374865E-004
   3.1000000000000001        1.9494150410377168E-004
   3.2000000000000002        1.9764037095420153E-004
   3.3000000000000003        2.0008217923308714E-004
   3.4000000000000004        2.0131183864003206E-004
   3.5000000000000000        2.0103897197666626E-004
   3.6000000000000001        1.9981249646797925E-004
   3.7000000000000002        1.9870280388957520E-004
   3.8000000000000003        1.9867843990847061E-004
   3.9000000000000004        2.0004176406347130E-004
   4.0000000000000000        2.0225489185716361E-004
   4.1000000000000005        2.0425722194329475E-004
   4.2000000000000002        2.0508925822435627E-004
   4.2999999999999998        2.0445663730545350E-004
   4.4000000000000004        2.0290466985197422E-004
   4.5000000000000000        2.0150048456264822E-004
   4.6000000000000005        2.0120967479600048E-004
   4.7000000000000002        2.0233192895544153E-004
   4.8000000000000007        2.0432694580116488E-004
   4.9000000000000004        2.0613193741132461E-004
   5.0000000000000000        2.0678542935726778E-004
   5.1000000000000005        2.0599126832630151E-004
   5.2000000000000002        2.0429314553353046E-004
   5.3000000000000007        2.0275672446161668E-004
   5.4000000000000004        2.0234627279655756E-004
   5.5000000000000000        2.0336027952461686E-004
   5.6000000000000005        2.0525735821819759E-004
   5.7000000000000002        2.0697373911973549E-004
   5.8000000000000007        2.0754705947217405E-004
   5.9000000000000004        2.0668036223797564E-004
   6.0000000000000000        2.0491661145177395E-004
   6.1000000000000005        2.0332081267189638E-004
   6.2000000000000002        2.0285663831861629E-004
   6.3000000000000007        2.0382203880530005E-004
   6.4000000000000004        2.0567514042326015E-004
   6.5000000000000000        2.0735173254241731E-004
   6.6000000000000005        2.0788905352020837E-004
   6.7000000000000002        2.0698978542353717E-004
   6.8000000000000007        2.0519656576163404E-004
   6.9000000000000004        2.0357410466593281E-004
   7.0000000000000000        2.0308580726485705E-004
   7.1000000000000005        2.0402938213714213E-004
   7.2000000000000002        2.0586273677048841E-004
   7.3000000000000007        2.0752146257049570E-004
   7.4000000000000004        2.0804261878317379E-004
   7.5000000000000000        2.0712872542308252E-004
   7.6000000000000005        2.0532227337981382E-004
   7.7000000000000002        2.0368784012978993E-004
   7.8000000000000007        2.0318871077938241E-004
   7.9000000000000004        2.0412248531679792E-004
   8.0000000000000000        2.0594697298031219E-004
   8.0999999999999996        2.0759767628403996E-004
   8.2000000000000011        2.0811157404751064E-004
   8.3000000000000007        2.0719111351931996E-004
   8.4000000000000004        2.0537871975233649E-004
   8.5000000000000000        2.0373891065727465E-004
   8.5999999999999996        2.0323491744687159E-004
   8.7000000000000011        2.0416429134927815E-004
   8.8000000000000007        2.0598479748567779E-004
   8.9000000000000004        2.0763189845557234E-004
   9.0000000000000000        2.0814253696441876E-004
   9.0999999999999996        2.0721912758702718E-004
   9.2000000000000011        2.0540406581341840E-004
   9.3000000000000007        2.0376184280781987E-004
   9.4000000000000004        2.0325566558291499E-004
   9.5000000000000000        2.0418306347241919E-004
   9.6000000000000014        2.0600178178741360E-004
   9.7000000000000011        2.0764726520482551E-004
   9.8000000000000007        2.0815644021359786E-004
   9.9000000000000004        2.0723170671730820E-004
