   0.0000000000000000        0.0000000000000000     
  0.10000000000000001        2.1989966887381277E-003
  0.20000000000000001       -1.4155259954641607E-004
  0.30000000000000004       -1.4546609304265140E-004
  0.40000000000000002       -6.0396072334115581E-005
  0.50000000000000000        6.0053194735706092E-005
  0.60000000000000009        1.4532410441169311E-004
  0.70000000000000007        1.4546612464557459E-004
  0.80000000000000004        6.0396061927933155E-005
  0.90000000000000002       -6.0053194753165867E-005
   1.0000000000000000       -1.4532410441169289E-004
   1.1000000000000001       -1.4546612464557437E-004
   1.2000000000000002       -6.0396061927932721E-005
   1.3000000000000000        6.0053194753165867E-005
   1.4000000000000001        1.4532410441169354E-004
   1.5000000000000000        1.4546612464557372E-004
   1.6000000000000001        6.0396061927933588E-005
   1.7000000000000002       -6.0053194753165867E-005
   1.8000000000000000       -1.4532410441169289E-004
   1.9000000000000001       -1.4546612464557437E-004
   2.0000000000000000       -6.0396061927932721E-005
   2.1000000000000001        6.0053194753165867E-005
   2.2000000000000002        1.4532410441169354E-004
   2.3000000000000003        1.4546612464557416E-004
   2.4000000000000004        6.0396061927933155E-005
   2.5000000000000000       -6.0053194753165867E-005
   2.6000000000000001       -1.4532410441169289E-004
   2.7000000000000002       -1.4546612464557437E-004
   2.8000000000000003       -6.0396061927932504E-005
   2.9000000000000004        6.0053194753166518E-005
   3.0000000000000000        1.4532410441169224E-004
   3.1000000000000001        1.4546612464557502E-004
   3.2000000000000002        6.0396061927933588E-005
   3.3000000000000003       -6.0053194753165867E-005
   3.4000000000000004       -1.4532410441169289E-004
   3.5000000000000000       -1.4546612464557437E-004
   3.6000000000000001       -6.0396061927932721E-005
   3.7000000000000002        6.0053194753165867E-005
   3.8000000000000003        1.4532410441169354E-004
   3.9000000000000004        1.4546612464557459E-004
   4.0000000000000000        6.0396061927933155E-005
   4.1000000000000005       -6.0053194753166301E-005
   4.2000000000000002       -1.4532410441169246E-004
   4.2999999999999998       -1.4546612464557394E-004
   4.4000000000000004       -6.0396061927933588E-005
   4.5000000000000000        6.0053194753165867E-005
   4.6000000000000005        1.4532410441169398E-004
   4.7000000000000002        1.4546612464557416E-004
   4.8000000000000007        6.0396061927933155E-005
   4.9000000000000004       -6.0053194753166301E-005
   5.0000000000000000       -1.4532410441169246E-004
   5.1000000000000005       -1.4546612464557502E-004
   5.2000000000000002       -6.0396061927932287E-005
   5.3000000000000007        6.0053194753166951E-005
   5.4000000000000004        1.4532410441169289E-004
   5.5000000000000000        1.4546612464557416E-004
   5.6000000000000005        6.0396061927933155E-005
   5.7000000000000002       -6.0053194753166301E-005
   5.8000000000000007       -1.4532410441169376E-004
   5.9000000000000004       -1.4546612464557329E-004
   6.0000000000000000       -6.0396061927932287E-005
   6.1000000000000005        6.0053194753165650E-005
   6.2000000000000002        1.4532410441169311E-004
   6.3000000000000007        1.4546612464557546E-004
   6.4000000000000004        6.0396061927933155E-005
   6.5000000000000000       -6.0053194753165434E-005
   6.6000000000000005       -1.4532410441169333E-004
   6.7000000000000002       -1.4546612464557394E-004
   6.8000000000000007       -6.0396061927933588E-005
   6.9000000000000004        6.0053194753165650E-005
   7.0000000000000000        1.4532410441169311E-004
   7.1000000000000005        1.4546612464557502E-004
   7.2000000000000002        6.0396061927933588E-005
   7.3000000000000007       -6.0053194753166301E-005
   7.4000000000000004       -1.4532410441169246E-004
   7.5000000000000000       -1.4546612464557394E-004
   7.6000000000000005       -6.0396061927933588E-005
   7.7000000000000002        6.0053194753165650E-005
   7.8000000000000007        1.4532410441169441E-004
   7.9000000000000004        1.4546612464557372E-004
   8.0000000000000000        6.0396061927933588E-005
   8.0999999999999996       -6.0053194753165434E-005
   8.2000000000000011       -1.4532410441169463E-004
   8.3000000000000007       -1.4546612464557329E-004
   8.4000000000000004       -6.0396061927932287E-005
   8.5000000000000000        6.0053194753165650E-005
   8.5999999999999996        1.4532410441169268E-004
   8.7000000000000011        1.4546612464557632E-004
   8.8000000000000007        6.0396061927932721E-005
   8.9000000000000004       -6.0053194753165867E-005
   9.0000000000000000       -1.4532410441169246E-004
   9.0999999999999996       -1.4546612464557437E-004
   9.2000000000000011       -6.0396061927933588E-005
   9.3000000000000007        6.0053194753166951E-005
   9.4000000000000004        1.4532410441169246E-004
   9.5000000000000000        1.4546612464557372E-004
   9.6000000000000014        6.0396061927933588E-005
   9.7000000000000011       -6.0053194753166735E-005
   9.8000000000000007       -1.4532410441169333E-004
   9.9000000000000004       -1.4546612464557372E-004
