   0.0000000000000000        0.0000000000000000     
  0.10000000000000001        4.2529402496497567E-004
  0.20000000000000001       -6.0096107835734363E-005
  0.30000000000000004        3.6280495706544192E-004
  0.40000000000000002       -1.0851744573937442E-004
  0.50000000000000000        3.3858661290398498E-004
  0.60000000000000009       -1.1083592381505418E-004
  0.70000000000000007        3.4460342563296070E-004
  0.80000000000000004       -1.1350661523189687E-004
  0.90000000000000002        3.2259373246757442E-004
   1.0000000000000000       -1.5301158845769218E-004
   1.1000000000000001        2.7873473869557193E-004
   1.2000000000000002       -1.8457714506330458E-004
   1.3000000000000000        2.6976686329361428E-004
   1.4000000000000001       -1.7309758002256604E-004
   1.5000000000000000        2.8826761976833700E-004
   1.6000000000000001       -1.6447327475703412E-004
   1.7000000000000002        2.7647720929563162E-004
   1.8000000000000000       -1.9473223034276090E-004
   1.9000000000000001        2.4098366004033820E-004
   2.0000000000000000       -2.1872905146284649E-004
   2.1000000000000001        2.3886368816234893E-004
   2.2000000000000002       -2.0105376421190386E-004
   2.3000000000000003        2.6297009805825527E-004
   2.4000000000000004       -1.8735767730222443E-004
   2.5000000000000000        2.5576844240218083E-004
   2.6000000000000001       -2.1346490235964649E-004
   2.7000000000000002        2.2403122076578838E-004
   2.8000000000000003       -2.3406314136632382E-004
   2.9000000000000004        2.2498615651416747E-004
   3.0000000000000000       -2.1360579485064267E-004
   3.1000000000000001        2.5160966765110348E-004
   3.2000000000000002       -1.9763233064250610E-004
   3.3000000000000003        2.4646849622021841E-004
   3.4000000000000004       -2.2187530808131926E-004
   3.5000000000000000        2.1641797481400328E-004
   3.6000000000000001       -2.4094748498774271E-004
   3.7000000000000002        2.1875363341966199E-004
   3.8000000000000003       -2.1924091304175353E-004
   3.9000000000000004        2.4650739614176699E-004
   4.0000000000000000       -2.0224484026792118E-004
   4.1000000000000005        2.4229144199054418E-004
   4.2000000000000002       -2.2565071636931352E-004
   4.2999999999999998        2.1299829799125756E-004
   4.4000000000000004       -2.4403764706084285E-004
   4.5000000000000000        2.1595394127432206E-004
   4.6000000000000005       -2.2177013660727675E-004
   4.7000000000000002        2.4421521979609722E-004
   4.8000000000000007       -2.0431488288163058E-004
   4.9000000000000004        2.4041471508482487E-004
   5.0000000000000000       -2.2734487616596176E-004
   5.1000000000000005        2.1146165554663659E-004
   5.2000000000000002       -2.4542411140205853E-004
   5.3000000000000007        2.1469568996378353E-004
   5.4000000000000004       -2.2290472326496626E-004
   5.5000000000000000        2.4318485782615174E-004
   5.6000000000000005       -2.0524328395453797E-004
   5.7000000000000002        2.3957090198529536E-004
   5.8000000000000007       -2.2810449493652408E-004
   5.9000000000000004        2.1077055025255526E-004
   6.0000000000000000       -2.4604556597658967E-004
   6.1000000000000005        2.1412959037903854E-004
   6.2000000000000002       -2.2341307744464076E-004
   6.3000000000000007        2.4272108717831556E-004
   6.4000000000000004       -2.0565905481911416E-004
   6.5000000000000000        2.3919089720225714E-004
   6.6000000000000005       -2.2844447764643625E-004
   6.7000000000000002        2.1045911571301174E-004
   6.8000000000000007       -2.4632350895107400E-004
   6.9000000000000004        2.1387428703704883E-004
   7.0000000000000000       -2.2364023505856473E-004
   7.1000000000000005        2.4251173250426612E-004
   7.2000000000000002       -2.0584463983734050E-004
   7.3000000000000007        2.3901915583748588E-004
   7.4000000000000004       -2.2859603158392419E-004
   7.5000000000000000        2.1031816438209854E-004
   7.6000000000000005       -2.4644720524747213E-004
   7.7000000000000002        2.1375854024699372E-004
   7.8000000000000007       -2.2374112725514442E-004
   7.9000000000000004        2.4241661800345493E-004
   8.0000000000000000       -2.0592686473316977E-004
   8.0999999999999996        2.3894093080772502E-004
   8.2000000000000011       -2.2866297553831173E-004
   8.3000000000000007        2.1025376497449790E-004
   8.4000000000000004       -2.4650164031416756E-004
   8.5000000000000000        2.1370545841292997E-004
   8.5999999999999996       -2.2378532262099166E-004
   8.7000000000000011        2.4237280066912275E-004
   8.8000000000000007       -2.0596267794113006E-004
   8.9000000000000004        2.3890469733902074E-004
   9.0000000000000000       -2.2869192716209330E-004
   9.0999999999999996        2.1022373961426095E-004
   9.2000000000000011       -2.4652497508643653E-004
   9.3000000000000007        2.1368051497446563E-004
   9.4000000000000004       -2.2380405947256395E-004
   9.5000000000000000        2.4235201726264760E-004
   9.6000000000000014       -2.0597765096275981E-004
   9.7000000000000011        2.3888731931099753E-004
   9.8000000000000007       -2.2870381913555043E-004
   9.9000000000000004        2.1020914920975677E-004
