           0   0.0000000000000000     
           1   1.0000000000000000     
           2   1.0000000000000000     
           3   2.0000000000000000     
           4   3.0000000000000000     
           5   5.0000000000000000     
           6   8.0000000000000000     
           7   13.000000000000000     
           8   21.000000000000000     
           9   34.000000000000000     
          10   55.000000000000000     
          11   89.000000000000000     
          12   144.00000000000000     
          13   233.00000000000000     
          14   377.00000000000000     
          15   610.00000000000000     
          16   987.00000000000000     
          17   1597.0000000000000     
          18   2584.0000000000000     
          19   4181.0000000000000     
          20   6765.0000000000000     
          21   10946.000000000000     
          22   17711.000000000000     
          23   28657.000000000000     
          24   46368.000000000000     
          25   75025.000000000000     
          26   121393.00000000000     
          27   196418.00000000000     
          28   317811.00000000000     
          29   514229.00000000000     
          30   832040.00000000000     
          31   1346269.0000000000     
          32   2178309.0000000000     
          33   3524578.0000000000     
          34   5702887.0000000000     
          35   9227465.0000000000     
          36   14930352.000000000     
          37   24157817.000000000     
          38   39088169.000000000     
          39   63245986.000000000     
          40   102334155.00000000     
          41   165580141.00000000     
          42   267914296.00000000     
          43   433494437.00000000     
          44   701408733.00000000     
          45   1134903170.0000000     
          46   1836311903.0000000     
          47   2971215073.0000000     
          48   4807526976.0000000     
          49   7778742049.0000000     
          50   12586269025.000000     
          51   20365011074.000000     
          52   32951280099.000000     
          53   53316291173.000000     
          54   86267571272.000000     
          55   139583862445.00000     
          56   225851433717.00000     
          57   365435296162.00000     
          58   591286729879.00000     
          59   956722026041.00000     
          60   1548008755920.0000     
          61   2504730781961.0000     
          62   4052739537881.0000     
          63   6557470319842.0000     
          64   10610209857723.000     
          65   17167680177565.000     
          66   27777890035288.000     
          67   44945570212853.000     
          68   72723460248141.000     
          69   117669030460994.00     
          70   190392490709135.00     
          71   308061521170129.00     
          72   498454011879264.00     
          73   806515533049393.00     
          74   1304969544928657.0     
          75   2111485077978050.0     
          76   3416454622906707.0     
          77   5527939700884757.0     
          78   8944394323791464.0     
          79   14472334024676220.     
          80   23416728348467684.     
          81   37889062373143904.     
          82   61305790721611584.     
          83   99194853094755488.     
          84   1.6050064381636707E+017
          85   2.5969549691112256E+017
          86   4.2019614072748966E+017
          87   6.7989163763861222E+017
          88   1.1000877783661019E+018
          89   1.7799794160047140E+018
          90   2.8800671943708160E+018
          91   4.6600466103755305E+018
          92   7.5401138047463465E+018
          93   1.2200160415121877E+019
          94   1.9740274219868226E+019
          95   3.1940434634990100E+019
          96   5.1680708854858326E+019
          97   8.3621143489848426E+019
          98   1.3530185234470676E+020
          99   2.1892299583455520E+020
         100   3.5422484817926200E+020
         101   5.7314784401381720E+020
         102   9.2737269219307920E+020
         103   1.5005205362068963E+021
         104   2.4278932283999755E+021
         105   3.9284137646068717E+021
         106   6.3563069930068477E+021
         107   1.0284720757613720E+022
         108   1.6641027750620568E+022
         109   2.6925748508234288E+022
         110   4.3566776258854857E+022
         111   7.0492524767089141E+022
         112   1.1405930102594401E+023
         113   1.8455182579303315E+023
         114   2.9861112681897715E+023
         115   4.8316295261201030E+023
         116   7.8177407943098749E+023
         117   1.2649370320429978E+024
         118   2.0467111114739851E+024
         119   3.3116481435169827E+024
         120   5.3583592549909684E+024
         121   8.6700073985079510E+024
         122   1.4028366653498919E+025
         123   2.2698374052006868E+025
         124   3.6726740705505786E+025
         125   5.9425114757512654E+025
         126   9.6151855463018439E+025
         127   1.5557697022053108E+026
         128   2.5172882568354952E+026
         129   4.0730579590408064E+026
         130   6.5903462158763010E+026
         131   1.0663404174917107E+027
         132   1.7253750390793408E+027
         133   2.7917154565710519E+027
         134   4.5170904956503927E+027
         135   7.3088059522214451E+027
         136   1.1825896447871837E+028
         137   1.9134702400093282E+028
         138   3.0960598847965122E+028
         139   5.0095301248058406E+028
         140   8.1055900096023528E+028
         141   1.3115120134408193E+029
         142   2.1220710144010545E+029
         143   3.4335830278418734E+029
         144   5.5556540422429276E+029
         145   8.9892370700848011E+029
         146   1.4544891112327730E+030
         147   2.3534128182412531E+030
         148   3.8079019294740258E+030
         149   6.1613147477152787E+030
         150   9.9692166771893045E+030
         151   1.6130531424904583E+031
         152   2.6099748102093888E+031
         153   4.2230279526998473E+031
         154   6.8330027629092365E+031
         155   1.1056030715609085E+032
         156   1.7889033478518321E+032
         157   2.8945064194127406E+032
         158   4.6834097672645727E+032
         159   7.5779161866773133E+032
         160   1.2261325953941887E+033
         161   1.9839242140619200E+033
         162   3.2100568094561087E+033
         163   5.1939810235180281E+033
         164   8.4040378329741368E+033
         165   1.3598018856492165E+034
         166   2.2002056689466302E+034
         167   3.5600075545958467E+034
         168   5.7602132235424769E+034
         169   9.3202207781383226E+034
         170   1.5080434001680799E+035
         171   2.4400654779819122E+035
         172   3.9481088781499925E+035
         173   6.3881743561319051E+035
         174   1.0336283234281898E+036
         175   1.6724457590413803E+036
         176   2.7060740824695700E+036
         177   4.3785198415109500E+036
         178   7.0845939239805195E+036
         179   1.1463113765491469E+037
         180   1.8547707689471989E+037
         181   3.0010821454963458E+037
         182   4.8558529144435443E+037
         183   7.8569350599398901E+037
         184   1.2712787974383434E+038
         185   2.0569723034323324E+038
         186   3.3282511008706759E+038
         187   5.3852234043030087E+038
         188   8.7134745051736838E+038
         189   1.4098697909476691E+039
         190   2.2812172414650375E+039
         191   3.6910870324127069E+039
         192   5.9723042738777447E+039
         193   9.6633913062904516E+039
         194   1.5635695580168196E+040
         195   2.5299086886458650E+040
         196   4.0934782466626846E+040
         197   6.6233869353085492E+040
         198   1.0716865181971233E+041
         199   1.7340252117279783E+041
         200   2.8057117299251016E+041
         201   4.5397369416530796E+041
         202   7.3454486715781805E+041
         203   1.1885185613231260E+042
         204   1.9230634284809439E+042
         205   3.1115819898040701E+042
         206   5.0346454182850140E+042
         207   8.1462274080890834E+042
         208   1.3180872826374099E+043
         209   2.1327100234463182E+043
         210   3.4507973060837281E+043
         211   5.5835073295300463E+043
         212   9.0343046356137748E+043
         213   1.4617811965143821E+044
         214   2.3652116600757594E+044
         215   3.8269928565901417E+044
         216   6.1922045166659011E+044
         217   1.0019197373256042E+045
         218   1.6211401889921942E+045
         219   2.6230599263177984E+045
         220   4.2442001153099927E+045
         221   6.8672600416277905E+045
         222   1.1111460156937784E+046
         223   1.7978720198565574E+046
         224   2.9090180355503355E+046
         225   4.7068900554068930E+046
         226   7.6159080909572285E+046
         227   1.2322798146364122E+047
         228   1.9938706237321351E+047
         229   3.2261504383685474E+047
         230   5.2200210621006825E+047
         231   8.4461715004692294E+047
         232   1.3666192562569911E+048
         233   2.2112364063039142E+048
         234   3.5778556625609053E+048
         235   5.7890920688648195E+048
         236   9.3669477314257242E+048
         237   1.5156039800290544E+049
         238   2.4522987531716268E+049
         239   3.9679027332006812E+049
         240   6.4202014863723079E+049
         241   1.0388104219572989E+050
         242   1.6808305705945297E+050
         243   2.7196409925518287E+050
         244   4.4004715631463582E+050
         245   7.1201125556981869E+050
         246   1.1520584118844544E+051
         247   1.8640696674542731E+051
         248   3.0161280793387272E+051
         249   4.8801977467930003E+051
         250   7.8963258261317275E+051
         251   1.2776523572924728E+052
         252   2.0672849399056455E+052
         253   3.3449372971981180E+052
         254   5.4122222371037638E+052
         255   8.7571595343018819E+052
         256   1.4169381771405647E+053
         257   2.2926541305707528E+053
         258   3.7095923077113174E+053
         259   6.0022464382820706E+053
         260   9.7118387459933876E+053
         261   1.5714085184275460E+054
         262   2.5425923930268848E+054
         263   4.1140009114544311E+054
         264   6.6565933044813155E+054
         265   1.0770594215935747E+055
         266   1.7427187520417062E+055
         267   2.8197781736352807E+055
         268   4.5624969256769870E+055
         269   7.3822750993122682E+055
         270   1.1944772024989255E+056
         271   1.9327047124301523E+056
         272   3.1271819149290778E+056
         273   5.0598866273592300E+056
         274   8.1870685422883082E+056
         275   1.3246955169647538E+057
         276   2.1434023711935847E+057
         277   3.4680978881583385E+057
         278   5.6115002593519228E+057
         279   9.0795981475102606E+057
         280   1.4691098406862182E+058
         281   2.3770696554372443E+058
         282   3.8461794961234622E+058
         283   6.2232491515607067E+058
         284   1.0069428647684168E+059
         285   1.6292677799244873E+059
         286   2.6362106446929041E+059
         287   4.2654784246173910E+059
         288   6.9016890693102951E+059
         289   1.1167167493927686E+060
         290   1.8068856563237981E+060
         291   2.9236024057165669E+060
         292   4.7304880620403654E+060
         293   7.6540904677569323E+060
         294   1.2384578529797298E+061
         295   2.0038668997554230E+061
         296   3.2423247527351529E+061
         297   5.2461916524905759E+061
         298   8.4885164052257288E+061
         299   1.3734708057716305E+062
         300   2.2223224462942035E+062
         301   3.5957932520658337E+062
         302   5.8181156983600372E+062
         303   9.4139089504258700E+062
         304   1.5232024648785907E+063
         305   2.4645933599211777E+063
         306   3.9877958247997681E+063
         307   6.4523891847209458E+063
         308   1.0440185009520713E+064
         309   1.6892574194241658E+064
         310   2.7332759203762368E+064
         311   4.4225333398004029E+064
         312   7.1558092601766398E+064
         313   1.1578342599977044E+065
         314   1.8734151860153683E+065
         315   3.0312494460130726E+065
         316   4.9046646320284404E+065
         317   7.9359140780415135E+065
         318   1.2840578710069954E+066
         319   2.0776492788111467E+066
         320   3.3617071498181421E+066
         321   5.4393564286292889E+066
         322   8.8010635784474318E+066
         323   1.4240420007076720E+067
         324   2.3041483585524152E+067
         325   3.7281903592600872E+067
         326   6.0323387178125026E+067
         327   9.7605290770725892E+067
         328   1.5792867794885091E+068
         329   2.5553396871957680E+068
         330   4.1346264666842770E+068
         331   6.6899661538800450E+068
         332   1.0824592620564322E+069
         333   1.7514558774444369E+069
         334   2.8339151395008690E+069
         335   4.5853710169453055E+069
         336   7.4192861564461741E+069
         337   1.2004657173391480E+070
         338   1.9423943329837654E+070
         339   3.1428600503229136E+070
         340   5.0852543833066787E+070
         341   8.2281144336295923E+070
         342   1.3313368816936271E+071
         343   2.1541483250565862E+071
         344   3.4854852067502131E+071
         345   5.6396335318067998E+071
         346   9.1251187385570129E+071
         347   1.4764752270363813E+072
         348   2.3889871008920825E+072
         349   3.8654623279284642E+072
         350   6.2544494288205471E+072
         351   1.0119911756749011E+073
         352   1.6374361185569559E+073
         353   2.6494272942318570E+073
         354   4.2868634127888125E+073
         355   6.9362907070206701E+073
         356   1.1223154119809483E+074
         357   1.8159444826830153E+074
         358   2.9382598946639633E+074
         359   4.7542043773469783E+074
         360   7.6924642720109416E+074
         361   1.2446668649357920E+075
         362   2.0139132921368860E+075
         363   3.2585801570726781E+075
         364   5.2724934492095641E+075
         365   8.5310736062822423E+075
         366   1.3803567055491806E+076
         367   2.2334640661774048E+076
         368   3.6138207717265850E+076
         369   5.8472848379039895E+076
         370   9.4611056096305745E+076
         371   1.5308390447534564E+077
         372   2.4769496057165138E+077
         373   4.0077886504699705E+077
         374   6.4847382561864843E+077
         375   1.0492526906656455E+078
         376   1.6977265162842939E+078
         377   2.7469792069499394E+078
         378   4.4447057232342337E+078
         379   7.1916849301841727E+078
         380   1.1636390653418406E+079
         381   1.8828075583602579E+079
         382   3.0464466237020987E+079
         383   4.9292541820623566E+079
         384   7.9757008057644554E+079
         385   1.2904954987826811E+080
         386   2.0880655793591266E+080
         387   3.3785610781418077E+080
         388   5.4666266575009343E+080
         389   8.8451877356427420E+080
         390   1.4311814393143676E+081
         391   2.3157002128786419E+081
         392   3.7468816521930098E+081
         393   6.0625818650716513E+081
         394   9.8094635172646619E+081
         395   1.5872045382336313E+082
         396   2.5681508899600975E+082
         397   4.1553554281937288E+082
         398   6.7235063181538260E+082
         399   1.0878861746347554E+083
         400   1.7602368064501380E+083
         401   2.8481229810848932E+083
         402   4.6083597875350312E+083
         403   7.4564827686199243E+083
         404   1.2064842556154955E+084
         405   1.9521325324774879E+084
         406   3.1586167880929834E+084
         407   5.1107493205704713E+084
         408   8.2693661086634551E+084
         409   1.3380115429233926E+085
         410   2.1649481537897381E+085
         411   3.5029596967131306E+085
         412   5.6679078505028690E+085
         413   9.1708675472159997E+085
         414   1.4838775397718870E+086
         415   2.4009642944934870E+086
         416   3.8848418342653743E+086
         417   6.2858061287588615E+086
         418   1.0170647963024235E+087
         419   1.6456454091783097E+087
         420   2.6627102054807332E+087
         421   4.3083556146590429E+087
         422   6.9710658201397757E+087
         423   1.1279421434798819E+088
         424   1.8250487254938595E+088
         425   2.9529908689737415E+088
         426   4.7780395944676006E+088
         427   7.7310304634413424E+088
         428   1.2509070057908943E+089
         429   2.0240100521350286E+089
         430   3.2749170579259227E+089
         431   5.2989271100609516E+089
         432   8.5738441679868743E+089
         433   1.3872771278047826E+090
         434   2.2446615446034701E+090
         435   3.6319386724082529E+090
         436   5.8766002170117226E+090
         437   9.5085388894199746E+090
         438   1.5385139106431697E+091
         439   2.4893677995851670E+091
         440   4.0278817102283365E+091
         441   6.5172495098135036E+091
         442   1.0545131220041839E+092
         443   1.7062380729855341E+092
         444   2.7607511949897181E+092
         445   4.4669892679752522E+092
         446   7.2277404629649703E+092
         447   1.1694729730940222E+093
         448   1.8922470193905192E+093
         449   3.0617199924845414E+093
         450   4.9539670118750604E+093
         451   8.0156870043596023E+093
         452   1.2969654016234662E+094
         453   2.0985341020594266E+094
         454   3.3954995036828928E+094
         455   5.4940336057423194E+094
         456   8.8895331094252122E+094
         457   1.4383566715167531E+095
         458   2.3273099824592741E+095
         459   3.7656666539760269E+095
         460   6.0929766364353011E+095
         461   9.8586432904113280E+095
         462   1.5951619926846628E+096
         463   2.5810263217257956E+096
         464   4.1761883144104584E+096
         465   6.7572146361362535E+096
         466   1.0933402950546712E+097
         467   1.7690617586682965E+097
         468   2.8624020537229677E+097
         469   4.6314638123912643E+097
         470   7.4938658661142320E+097
         471   1.2125329678505497E+098
         472   1.9619195544619729E+098
         473   3.1744525223125226E+098
         474   5.1363720767744955E+098
         475   8.3108245990870181E+098
         476   1.3447196675861514E+099
         477   2.1758021274948531E+099
         478   3.5205217950810048E+099
         479   5.6963239225758579E+099
         480   9.2168457176568617E+099
         481   1.4913169640232720E+100
         482   2.4130015357889579E+100
         483   3.9043184998122297E+100
         484   6.3173200356011876E+100
         485   1.0221638535413418E+101
         486   1.6538958571014605E+101
         487   2.6760597106428023E+101
         488   4.3299555677442628E+101
         489   7.0060152783870654E+101
         490   1.1335970846131328E+102
         491   1.8341986124518392E+102
         492   2.9677956970649722E+102
         493   4.8019943095168119E+102
         494   7.7697900065817840E+102
         495   1.2571784316098597E+103
         496   2.0341574322680380E+103
         497   3.2913358638778977E+103
         498   5.3254932961459357E+103
         499   8.6168291600238334E+103
         500   1.3942322456169770E+104
         501   2.2559151616193602E+104
         502   3.6501474072363375E+104
         503   5.9060625688556983E+104
         504   9.5562099760920357E+104
         505   1.5462272544947735E+105
         506   2.5018482521039770E+105
         507   4.0480755065987505E+105
         508   6.5499237587027270E+105
         509   1.0597999265301477E+106
         510   1.7147923024004204E+106
         511   2.7745922289305682E+106
         512   4.4893845313309884E+106
         513   7.2639767602615570E+106
         514   1.1753361291592545E+107
         515   1.9017338051854102E+107
         516   3.0770699343446646E+107
         517   4.9788037395300751E+107
         518   8.0558736738747391E+107
         519   1.3034677413404814E+108
         520   2.1090551087279553E+108
         521   3.4125228500684370E+108
         522   5.5215779587963926E+108
         523   8.9341008088648296E+108
         524   1.4455678767661223E+109
         525   2.3389779576526055E+109
         526   3.7845458344187282E+109
         527   6.1235237920713337E+109
         528   9.9080696264900620E+109
         529   1.6031593418561396E+110
         530   2.5939663045051458E+110
         531   4.1971256463612850E+110
         532   6.7910919508664308E+110
         533   1.0988217597227716E+111
         534   1.7779309548094147E+111
         535   2.8767527145321864E+111
         536   4.6546836693416010E+111
         537   7.5314363838737874E+111
         538   1.2186120053215389E+112
         539   1.9717556437089175E+112
         540   3.1903676490304564E+112
         541   5.1621232927393739E+112
         542   8.3524909417698299E+112
         543   1.3514614234509204E+113
         544   2.1867105176279034E+113
         545   3.5381719410788239E+113
         546   5.7248824587067273E+113
         547   9.2630543997855520E+113
         548   1.4987936858492280E+114
         549   2.4250991258277832E+114
         550   3.9238928116770112E+114
         551   6.3489919375047941E+114
         552   1.0272884749181806E+115
         553   1.6621876686686599E+115
         554   2.6894761435868405E+115
         555   4.3516638122555004E+115
         556   7.0411399558423408E+115
         557   1.1392803768097841E+116
         558   1.8433943723940184E+116
         559   2.9826747492038025E+116
         560   4.8260691215978209E+116
         561   7.8087438708016234E+116
         562   1.2634812992399444E+117
         563   2.0443556863201068E+117
         564   3.3078369855600512E+117
         565   5.3521926718801579E+117
         566   8.6600296574402091E+117
         567   1.4012222329320367E+118
         568   2.2672251986760575E+118
         569   3.6684474316080940E+118
         570   5.9356726302841510E+118
         571   9.6041200618922459E+118
         572   1.5539792692176397E+119
         573   2.5143912754068641E+119
         574   4.0683705446245036E+119
         575   6.5827618200313677E+119
         576   1.0651132364655871E+120
         577   1.7233894184687237E+120
         578   2.7885026549343108E+120
         579   4.5118920734030345E+120
         580   7.3003947283373446E+120
         581   1.1812286801740380E+121
         582   1.9112681530077724E+121
         583   3.0924968331818106E+121
         584   5.0037649861895831E+121
         585   8.0962618193713937E+121
         586   1.3100026805560978E+122
         587   2.1196288624932371E+122
         588   3.4296315430493349E+122
         589   5.5492604055425720E+122
         590   8.9788919485919069E+122
         591   1.4528152354134480E+123
         592   2.3507044302726385E+123
         593   3.8035196656860868E+123
         594   6.1542240959587253E+123
         595   9.9577437616448121E+123
         596   1.6111967857603536E+124
         597   2.6069711619248347E+124
         598   4.2181679476851883E+124
         599   6.8251391096100226E+124
         600   1.1043307057295211E+125
         601   1.7868446166905234E+125
         602   2.8911753224200445E+125
         603   4.6780199391105679E+125
         604   7.5691952615306121E+125
         605   1.2247215200641179E+126
         606   1.9816410462171790E+126
         607   3.2063625662812972E+126
         608   5.1880036124984762E+126
         609   8.3943661787797734E+126
         610   1.3582369791278251E+127
         611   2.1976735970058023E+127
         612   3.5559105761336274E+127
         613   5.7535841731394297E+127
         614   9.3094947492730561E+127
         615   1.5063078922412486E+128
         616   2.4372573671685542E+128
         617   3.9435652594098028E+128
         618   6.3808226265783573E+128
         619   1.0324387885988160E+129
         620   1.6705210512566517E+129
         621   2.7029598398554676E+129
         622   4.3734808911121193E+129
         623   7.0764407309675876E+129
         624   1.1449921622079707E+130
         625   1.8526362353047294E+130
         626   2.9976283975127001E+130
         627   4.8502646328174296E+130
         628   7.8478930303301297E+130
         629   1.2698157663147560E+131
         630   2.0546050693477691E+131
         631   3.3244208356625251E+131
         632   5.3790259050102946E+131
         633   8.7034467406728202E+131
         634   1.4082472645683115E+132
         635   2.2785919386355933E+132
         636   3.6868392032039045E+132
         637   5.9654311418394985E+132
         638   9.6522703450434030E+132
         639   1.5617701486882901E+133
         640   2.5269971831926302E+133
         641   4.0887673318809201E+133
         642   6.6157645150735503E+133
         643   1.0704531846954470E+134
         644   1.7320296362028021E+134
         645   2.8024828208982489E+134
         646   4.5345124571010512E+134
         647   7.3369952779992992E+134
         648   1.1871507735100351E+135
         649   1.9208503013099650E+135
         650   3.1080010748200005E+135
         651   5.0288513761299655E+135
         652   8.1368524509499667E+135
         653   1.3165703827079932E+136
         654   2.1302556278029898E+136
         655   3.4468260105109830E+136
         656   5.5770816383139725E+136
         657   9.0239076488249555E+136
         658   1.4600989287138929E+137
         659   2.3624896935963886E+137
         660   3.8225886223102819E+137
         661   6.1850783159066705E+137
         662   1.0007666938216952E+138
         663   1.6192745254123623E+138
         664   2.6200412192340575E+138
         665   4.2393157446464195E+138
         666   6.8593569638804770E+138
         667   1.1098672708526896E+139
         668   1.7958029672407375E+139
         669   2.9056702380934269E+139
         670   4.7014732053341643E+139
         671   7.6071434434275906E+139
         672   1.2308616648761756E+140
         673   1.9915760092189344E+140
         674   3.2224376740951102E+140
         675   5.2140136833140446E+140
         676   8.4364513574091547E+140
         677   1.3650465040723200E+141
         678   2.2086916398132357E+141
         679   3.5737381438855557E+141
         680   5.7824297836987913E+141
         681   9.3561679275843463E+141
         682   1.5138597711283139E+142
         683   2.4494765638867485E+142
         684   3.9633363350150624E+142
         685   6.4128128989018110E+142
         686   1.0376149233916874E+143
         687   1.6788962132818685E+143
         688   2.7165111366735561E+143
         689   4.3954073499554250E+143
         690   7.1119184866289811E+143
         691   1.1507325836584407E+144
         692   1.8619244323213389E+144
         693   3.0126570159797796E+144
         694   4.8745814483011185E+144
         695   7.8872384642808985E+144
         696   1.2761819912582017E+145
         697   2.0649058376862915E+145
         698   3.3410878289444935E+145
         699   5.4059936666307848E+145
         700   8.7470814955752783E+145
         701   1.4153075162206063E+146
         702   2.2900156657781344E+146
         703   3.7053231819987407E+146
         704   5.9953388477768750E+146
         705   9.7006620297756157E+146
         706   1.5696000877552492E+147
         707   2.5396662907328107E+147
         708   4.1092663784880602E+147
         709   6.6489326692208713E+147
         710   1.0758199047708932E+148
         711   1.7407131716929801E+148
         712   2.8165330764638734E+148
         713   4.5572462481568536E+148
         714   7.3737793246207270E+148
         715   1.1931025572777580E+149
         716   1.9304804897398307E+149
         717   3.1235830470175887E+149
         718   5.0540635367574192E+149
         719   8.1776465837750079E+149
         720   1.3231710120532428E+150
         721   2.1409356704307436E+150
         722   3.4641066824839868E+150
         723   5.6050423529147304E+150
         724   9.0691490353987178E+150
         725   1.4674191388313447E+151
         726   2.3743340423712165E+151
         727   3.8417531812025613E+151
         728   6.2160872235737775E+151
         729   1.0057840404776338E+152
         730   1.6273927628350117E+152
         731   2.6331768033126457E+152
         732   4.2605695661476574E+152
         733   6.8937463694603032E+152
         734   1.1154315935607960E+153
         735   1.8048062305068262E+153
         736   2.9202378240676222E+153
         737   4.7250440545744484E+153
         738   7.6452818786420701E+153
         739   1.2370325933216519E+154
         740   2.0015607811858590E+154
         741   3.2385933745075109E+154
         742   5.2401541556933699E+154
         743   8.4787475302008807E+154
         744   1.3718901685894252E+155
         745   2.2197649216095131E+155
         746   3.5916550901989383E+155
         747   5.8114200118084519E+155
         748   9.4030751020073912E+155
         749   1.5214495113815843E+156
         750   2.4617570215823236E+156
         751   3.9832065329639081E+156
         752   6.4449635545462318E+156
         753   1.0428170087510140E+157
         754   1.6873133642056372E+157
         755   2.7301303729566514E+157
         756   4.4174437371622886E+157
         757   7.1475741101189394E+157
         758   1.1565017847281227E+158
         759   1.8712591957400167E+158
         760   3.0277609804681397E+158
         761   4.8990201762081559E+158
         762   7.9267811566762955E+158
         763   1.2825801332884451E+159
         764   2.0752582489560749E+159
         765   3.3578383822445200E+159
         766   5.4330966312005949E+159
         767   8.7909350134451149E+159
         768   1.4224031644645710E+160
         769   2.3014966658090826E+160
         770   3.7238998302736533E+160
         771   6.0253964960827359E+160
         772   9.7492963263563892E+160
         773   1.5774692822439125E+161
         774   2.5523989148795512E+161
         775   4.1298681971234637E+161
         776   6.6822671120030144E+161
         777   1.0812135309126478E+162
         778   1.7494402421129492E+162
         779   2.8306537730255968E+162
         780   4.5800940151385458E+162
         781   7.4107477881641425E+162
         782   1.1990841803302688E+163
         783   1.9401589591466831E+163
         784   3.1392431394769516E+163
         785   5.0794020986236347E+163
         786   8.2186452381005863E+163
         787   1.3298047336724220E+164
         788   2.1516692574824805E+164
         789   3.4814739911549024E+164
         790   5.6331432486373834E+164
         791   9.1146172397922858E+164
         792   1.4747760488429669E+165
         793   2.3862377728221955E+165
         794   3.8610138216651624E+165
         795   6.2472515944873575E+165
         796   1.0108265416152521E+166
         797   1.6355517010639880E+166
         798   2.6463782426792401E+166
         799   4.2819299437432281E+166
         800   6.9283081864224681E+166
         801   1.1210238130165696E+167
         802   1.8138546316588163E+167
         803   2.9348784446753862E+167
         804   4.7487330763342030E+167
         805   7.6836115210095892E+167
         806   1.2432344597343791E+168
         807   2.0115956118353381E+168
         808   3.2548300715697173E+168
         809   5.2664256834050558E+168
         810   8.5212557549747739E+168
         811   1.3787681438379830E+169
         812   2.2308937193354602E+169
         813   3.6096618631734433E+169
         814   5.8405555825089035E+169
         815   9.4502174456823462E+169
         816   1.5290773028191249E+170
         817   2.4740990473873598E+170
         818   4.0031763502064847E+170
         819   6.4772753975938445E+170
         820   1.0480451747800330E+171
         821   1.6957727145394175E+171
         822   2.7438178893194507E+171
         823   4.4395906038588680E+171
         824   7.1834084931783187E+171
         825   1.1622999097037188E+172
         826   1.8806407590215506E+172
         827   3.0429406687252694E+172
         828   4.9235814277468200E+172
         829   7.9665220964720894E+172
         830   1.2890103524218909E+173
         831   2.0856625620690997E+173
         832   3.3746729144909907E+173
         833   5.4603354765600899E+173
         834   8.8350083910510805E+173
         835   1.4295343867611170E+174
         836   2.3130352258662249E+174
         837   3.7425696126273419E+174
         838   6.0556048384935672E+174
         839   9.7981744511209096E+174
         840   1.5853779289614475E+175
         841   2.5651953740735385E+175
         842   4.1505733030349863E+175
         843   6.7157686771085244E+175
         844   1.0866341980143511E+176
         845   1.7582110657252035E+176
         846   2.8448452637395545E+176
         847   4.6030563294647580E+176
         848   7.4479015932043130E+176
         849   1.2050957922669070E+177
         850   1.9498859515873383E+177
         851   3.1549817438542456E+177
         852   5.1048676954415837E+177
         853   8.2598494392958293E+177
         854   1.3364717134737413E+178
         855   2.1624566574033242E+178
         856   3.4989283708770659E+178
         857   5.6613850282803905E+178
         858   9.1603133991574564E+178
         859   1.4821698427437848E+179
         860   2.3982011826595303E+179
         861   3.8803710254033152E+179
         862   6.2785722080628449E+179
         863   1.0158943233466161E+180
         864   1.6437515441529006E+180
         865   2.6596458674995166E+180
         866   4.3033974116524174E+180
         867   6.9630432791519340E+180
         868   1.1266440690804351E+181
         869   1.8229483969956285E+181
         870   2.9495924660760636E+181
         871   4.7725408630716918E+181
         872   7.7221333291477550E+181
         873   1.2494674192219447E+182
         874   2.0216807521367203E+182
         875   3.2711481713586652E+182
         876   5.2928289234953855E+182
         877   8.5639770948540500E+182
         878   1.3856806018349436E+183
         879   2.2420783113203486E+183
         880   3.6277589131552921E+183
         881   5.8698372244756407E+183
         882   9.4975961376309332E+183
         883   1.5367433362106574E+184
         884   2.4865029499737505E+184
         885   4.0232462861844081E+184
         886   6.5097492361581586E+184
         887   1.0532995522342567E+185
         888   1.7042744758500726E+185
         889   2.7575740280843293E+185
         890   4.4618485039344022E+185
         891   7.2194225320187321E+185
         892   1.1681271035953133E+186
         893   1.8900693567971865E+186
         894   3.0581964603924998E+186
         895   4.9482658171896859E+186
         896   8.0064622775821862E+186
         897   1.2954728094771872E+187
         898   2.0961190372354058E+187
         899   3.3915918467125928E+187
         900   5.4877108839479990E+187
         901   8.8793027306605911E+187
         902   1.4367013614608590E+188
         903   2.3246316345269181E+188
         904   3.7613329959877771E+188
         905   6.0859646305146949E+188
         906   9.8472976265024715E+188
         907   1.5933262257017168E+189
         908   2.5780559883519639E+189
         909   4.1713822140536807E+189
         910   6.7494382024056441E+189
         911   1.0920820416459324E+190
         912   1.7670258618864968E+190
         913   2.8591079035324291E+190
         914   4.6261337654189257E+190
         915   7.4852416689513556E+190
         916   1.2111375434370280E+191
         917   1.9596617103321636E+191
         918   3.1707992537691920E+191
         919   5.1304609641013553E+191
         920   8.3012602178705472E+191
         921   1.3431721181971901E+192
         922   2.1732981399842448E+192
         923   3.5164702581814347E+192
         924   5.6897683981656793E+192
         925   9.2062386563471140E+192
         926   1.4896007054512793E+193
         927   2.4102245710859905E+193
         928   3.8998252765372701E+193
         929   6.3100498476232606E+193
         930   1.0209875124160531E+194
         931   1.6519924971783791E+194
         932   2.6729800095944324E+194
         933   4.3249725067728112E+194
         934   6.9979525163672442E+194
         935   1.1322925023140055E+195
         936   1.8320877539507298E+195
         937   2.9643802562647352E+195
         938   4.7964680102154650E+195
         939   7.7608482664801997E+195
         940   1.2557316276695666E+196
         941   2.0318164543175863E+196
         942   3.2875480819871529E+196
         943   5.3193645363047397E+196
         944   8.6069126182918922E+196
         945   1.3926277154596632E+197
         946   2.2533189772888524E+197
         947   3.6459466927485158E+197
         948   5.8992656700373682E+197
         949   9.5452123627858846E+197
         950   1.5444478032823252E+198
         951   2.4989690395609137E+198
         952   4.0434168428432386E+198
         953   6.5423858824041523E+198
         954   1.0585802725247391E+199
         955   1.7128188607651542E+199
         956   2.7713991332898931E+199
         957   4.4842179940550473E+199
         958   7.2556171273449404E+199
         959   1.1739835121399988E+200
         960   1.8995452248744928E+200
         961   3.0735287370144917E+200
         962   4.9730739618889846E+200
         963   8.0466026989034756E+200
         964   1.3019676660792460E+201
         965   2.1066279359695935E+201
         966   3.4085956020488395E+201
         967   5.5152235380184327E+201
         968   8.9238191400672727E+201
         969   1.4439042678085704E+202
         970   2.3362861818152977E+202
         971   3.7801904496238681E+202
         972   6.1164766314391663E+202
         973   9.8966670810630340E+202
         974   1.6013143712502202E+203
         975   2.5909810793565236E+203
         976   4.1922954506067441E+203
         977   6.7832765299632681E+203
         978   1.0975571980570012E+204
         979   1.7758848510533280E+204
         980   2.8734420491103290E+204
         981   4.6493269001636567E+204
         982   7.5227689492739857E+204
         983   1.2172095849437642E+205
         984   1.9694864798711628E+205
         985   3.1866960648149268E+205
         986   5.1561825446860901E+205
         987   8.3428786095010169E+205
         988   1.3499061154187107E+206
         989   2.1841939763688122E+206
         990   3.5341000917875231E+206
         991   5.7182940681563353E+206
         992   9.2523941599438591E+206
         993   1.4970688228100194E+207
         994   2.4223082388044054E+207
         995   3.9193770616144248E+207
         996   6.3416853004188302E+207
         997   1.0261062362033255E+208
         998   1.6602747662452085E+208
         999   2.6863810024485338E+208
        1000   4.3466557686937428E+208
        1001   7.0330367711422765E+208
        1002   1.1379692539836020E+209
        1003   1.8412729310978296E+209
        1004   2.9792421850814316E+209
        1005   4.8205151161792608E+209
        1006   7.7997573012606928E+209
        1007   1.2620272417439954E+210
        1008   2.0420029718700645E+210
        1009   3.3040302136140597E+210
        1010   5.3460331854841248E+210
        1011   8.6500633990981845E+210
        1012   1.3996096584582308E+211
        1013   2.2646159983680491E+211
        1014   3.6642256568262800E+211
        1015   5.9288416551943296E+211
        1016   9.5930673120206100E+211
        1017   1.5521908967214940E+212
        1018   2.5114976279235550E+212
        1019   4.0636885246450485E+212
        1020   6.5751861525686039E+212
        1021   1.0638874677213652E+213
        1022   1.7214060829782255E+213
        1023   2.7852935506995907E+213
        1024   4.5066996336778162E+213
        1025   7.2919931843774075E+213
        1026   1.1798692818055224E+214
        1027   1.9090686002432632E+214
        1028   3.0889378820487856E+214
        1029   4.9980064822920490E+214
        1030   8.0869443643408351E+214
        1031   1.3084950846632884E+215
        1032   2.1171895210973719E+215
        1033   3.4256846057606605E+215
        1034   5.5428741268580325E+215
        1035   8.9685587326186922E+215
        1036   1.4511432859476725E+216
        1037   2.3479991592095418E+216
        1038   3.7991424451572143E+216
        1039   6.1471416043667564E+216
        1040   9.9462840495239701E+216
        1041   1.6093425653890728E+217
        1042   2.6039709703414695E+217
        1043   4.2133135357305423E+217
        1044   6.8172845060720118E+217
        1045   1.1030598041802554E+218
        1046   1.7847882547874567E+218
        1047   2.8878480589677121E+218
        1048   4.6726363137551692E+218
        1049   7.5604843727228813E+218
        1050   1.2233120686478051E+219
        1051   1.9793605059200933E+219
        1052   3.2026725745678985E+219
        1053   5.1820330804879919E+219
        1054   8.3847056550558911E+219
        1055   1.3566738735543884E+220
        1056   2.1951444390599775E+220
        1057   3.5518183126143659E+220
        1058   5.7469627516743435E+220
        1059   9.2987810642887084E+220
        1060   1.5045743815963052E+221
        1061   2.4344524880251762E+221
        1062   3.9390268696214816E+221
        1063   6.3734793576466578E+221
        1064   1.0312506227268139E+222
        1065   1.6685985584914795E+222
        1066   2.6998491812182934E+222
        1067   4.3684477397097732E+222
        1068   7.0682969209280668E+222
        1069   1.1436744660637840E+223
        1070   1.8505041581565907E+223
        1071   2.9941786242203746E+223
        1072   4.8446827823769658E+223
        1073   7.8388614065973398E+223
        1074   1.2683544188974306E+224
        1075   2.0522405595571645E+224
        1076   3.3205949784545953E+224
        1077   5.3728355380117602E+224
        1078   8.6934305164663547E+224
        1079   1.4066266054478115E+225
        1080   2.2759696570944470E+225
        1081   3.6825962625422585E+225
        1082   5.9585659196367061E+225
        1083   9.6411621821789652E+225
        1084   1.5599728101815671E+226
        1085   2.5240890283994634E+226
        1086   4.0840618385810308E+226
        1087   6.6081508669804942E+226
        1088   1.0692212705561525E+227
        1089   1.7300363572542018E+227
        1090   2.7992576278103543E+227
        1091   4.5292939850645557E+227
        1092   7.3285516128749104E+227
        1093   1.1857845597939466E+228
        1094   1.9186397210814375E+228
        1095   3.1044242808753843E+228
        1096   5.0230640019568217E+228
        1097   8.1274882828322060E+228
        1098   1.3150552284789027E+229
        1099   2.1278040567621232E+229
        1100   3.4428592852410256E+229
        1101   5.5706633420031493E+229
        1102   9.0135226272441749E+229
        1103   1.4584185969247324E+230
        1104   2.3597708596491499E+230
        1105   3.8181894565738821E+230
        1106   6.1779603162230321E+230
        1107   9.9961497727969150E+230
        1108   1.6174110089019948E+231
        1109   2.6170259861816863E+231
        1110   4.2344369950836811E+231
        1111   6.8514629812653681E+231
        1112   1.1085899976349048E+232
        1113   1.7937362957614417E+232
        1114   2.9023262933963465E+232
        1115   4.6960625891577882E+232
        1116   7.5983888825541347E+232
        1117   1.2294451471711922E+233
        1118   1.9892840354266056E+233
        1119   3.2187291825977978E+233
        1120   5.2080132180244039E+233
        1121   8.4267424006222017E+233
        1122   1.3634755618646606E+234
        1123   2.2061498019268809E+234
        1124   3.5696253637915413E+234
        1125   5.7757751657184222E+234
        1126   9.3454005295099635E+234
        1127   1.5121175695228387E+235
        1128   2.4466576224738351E+235
        1129   3.9587751919966738E+235
        1130   6.4054328144705094E+235
        1131   1.0364208006467183E+236
        1132   1.6769640820937692E+236
        1133   2.7133848827404875E+236
        1134   4.3903489648342567E+236
        1135   7.1037338475747446E+236
        1136   1.1494082812409000E+237
        1137   1.8597816659983745E+237
        1138   3.0091899472392745E+237
        1139   4.8689716132376486E+237
        1140   7.8781615604769235E+237
        1141   1.2747133173714572E+238
        1142   2.0625294734191497E+238
        1143   3.3372427907906068E+238
        1144   5.3997722642097565E+238
        1145   8.7370150550003639E+238
        1146   1.4136787319210122E+239
        1147   2.2873802374210488E+239
        1148   3.7010589693420609E+239
        1149   5.9884392067631102E+239
        1150   9.6894981761051715E+239
        1151   1.5677937382868282E+240
        1152   2.5367435558973453E+240
        1153   4.1045372941841735E+240
        1154   6.6412808500815188E+240
        1155   1.0745818144265692E+241
        1156   1.7387098994347211E+241
        1157   2.8132917138612906E+241
        1158   4.5520016132960118E+241
        1159   7.3652933271573030E+241
        1160   1.1917294940453315E+242
        1161   1.9282588267610618E+242
        1162   3.1199883208063931E+242
        1163   5.0482471475674547E+242
        1164   8.1682354683738479E+242
        1165   1.3216482615941302E+243
        1166   2.1384718084315149E+243
        1167   3.4601200700256455E+243
        1168   5.5985918784571601E+243
        1169   9.0587119484828056E+243
        1170   1.4657303826939964E+244
        1171   2.3716015775422771E+244
        1172   3.8373319602362735E+244
        1173   6.2089335377785506E+244
        1174   1.0046265498014824E+245
        1175   1.6255199035793374E+245
        1176   2.6301464533808198E+245
        1177   4.2556663569601572E+245
        1178   6.8858128103409770E+245
        1179   1.1141479167301135E+246
        1180   1.8027291977642110E+246
        1181   2.9168771144943245E+246
        1182   4.7196063122585356E+246
        1183   7.6364834267528593E+246
        1184   1.2356089739011395E+247
        1185   1.9992573165764253E+247
        1186   3.2348662904775646E+247
        1187   5.2341236070539899E+247
        1188   8.4689898975315538E+247
        1189   1.3703113504585544E+248
        1190   2.2172103402117098E+248
        1191   3.5875216906702645E+248
        1192   5.8047320308819746E+248
        1193   9.3922537215522400E+248
        1194   1.5196985752434214E+249
        1195   2.4589239473986454E+249
        1196   3.9786225226420671E+249
        1197   6.4375464700407121E+249
        1198   1.0416168992682779E+250
        1199   1.6853715462723491E+250
        1200   2.7269884455406272E+250
        1201   4.4123599918129767E+250
        1202   7.1393484373536039E+250
        1203   1.1551708429166579E+251
        1204   1.8691056866520183E+251
        1205   3.0242765295686760E+251
        1206   4.8933822162206945E+251
        1207   7.9176587457893705E+251
        1208   1.2811040962010066E+252
        1209   2.0728699707799435E+252
        1210   3.3539740669809501E+252
        1211   5.4268440377608935E+252
        1212   8.7808181047418436E+252
        1213   1.4207662142502737E+253
        1214   2.2988480247244579E+253
        1215   3.7196142389747313E+253
        1216   6.0184622636991899E+253
        1217   9.7380765026739211E+253
        1218   1.5756538766373111E+254
        1219   2.5494615269047030E+254
        1220   4.1251154035420141E+254
        1221   6.6745769304467170E+254
        1222   1.0799692333988730E+255
        1223   1.7474269264435447E+255
        1224   2.8273961598424179E+255
        1225   4.5748230862859624E+255
        1226   7.4022192461283803E+255
        1227   1.1977042332414342E+256
        1228   1.9379261578542721E+256
        1229   3.1356303910957063E+256
        1230   5.0735565489499788E+256
        1231   8.2091869400456851E+256
        1232   1.3282743488995665E+257
        1233   2.1491930429041349E+257
        1234   3.4774673918037014E+257
        1235   5.6266604347078369E+257
        1236   9.1041278265115388E+257
        1237   1.4730788261219376E+258
        1238   2.3834916087730915E+258
        1239   3.8565704348950288E+258
        1240   6.2400620436681203E+258
        1241   1.0096632478563149E+259
        1242   1.6336694522231268E+259
        1243   2.6433327000794419E+259
        1244   4.2770021523025688E+259
        1245   6.9203348523820107E+259
        1246   1.1197337004684580E+260
        1247   1.8117671857066591E+260
        1248   2.9315008861751174E+260
        1249   4.7432680718817765E+260
        1250   7.6747689580568944E+260
        1251   1.2418037029938671E+261
        1252   2.0092805987995564E+261
        1253   3.2510843017934235E+261
        1254   5.2603649005929803E+261
        1255   8.5114492023864034E+261
        1256   1.3771814102979384E+262
        1257   2.2283263305365785E+262
        1258   3.6055077408345165E+262
        1259   5.8338340713710951E+262
        1260   9.4393418122056109E+262
        1261   1.5273175883576705E+263
        1262   2.4712517695782316E+263
        1263   3.9985693579359019E+263
        1264   6.4698211275141335E+263
        1265   1.0468390485450036E+264
        1266   1.6938211612964169E+264
        1267   2.7406602098414205E+264
        1268   4.4344813711378374E+264
        1269   7.1751415809792579E+264
        1270   1.1609622952117095E+265
        1271   1.8784764533096354E+265
        1272   3.0394387485213448E+265
        1273   4.9179152018309806E+265
        1274   7.9573539503523253E+265
        1275   1.2875269152183306E+266
        1276   2.0832623102535631E+266
        1277   3.3707892254718936E+266
        1278   5.4540515357254567E+266
        1279   8.8248407611973503E+266
        1280   1.4278892296922807E+267
        1281   2.3103733058120157E+267
        1282   3.7382625355042964E+267
        1283   6.0486358413163121E+267
        1284   9.7868983768206086E+267
        1285   1.5835534218136922E+268
        1286   2.5622432594957532E+268
        1287   4.1457966813094450E+268
        1288   6.7080399408051975E+268
        1289   1.0853836622114642E+269
        1290   1.7561876562919840E+269
        1291   2.8415713185034482E+269
        1292   4.5977589747954319E+269
        1293   7.4393302932988802E+269
        1294   1.2037089268094313E+270
        1295   1.9476419561393193E+270
        1296   3.1513508829487509E+270
        1297   5.0989928390880705E+270
        1298   8.2503437220368214E+270
        1299   1.3349336561124892E+271
        1300   2.1599680283161711E+271
        1301   3.4949016844286605E+271
        1302   5.6548697127448317E+271
        1303   9.1497713971734929E+271
        1304   1.4804641109918323E+272
        1305   2.3954412507091816E+272
        1306   3.8759053617010142E+272
        1307   6.2713466124101955E+272
        1308   1.0147251974111210E+273
        1309   1.6418598586521405E+273
        1310   2.6565850560632613E+273
        1311   4.2984449147154018E+273
        1312   6.9550299707786630E+273
        1313   1.1253474885494065E+274
        1314   1.8208504856272727E+274
        1315   2.9461979741766792E+274
        1316   4.7670484598039515E+274
        1317   7.7132464339806314E+274
        1318   1.2480294893784583E+275
        1319   2.0193541327765214E+275
        1320   3.2673836221549794E+275
        1321   5.2867377549315008E+275
        1322   8.5541213770864802E+275
        1323   1.3840859132017982E+276
        1324   2.2394980509104464E+276
        1325   3.6235839641122446E+276
        1326   5.8630820150226910E+276
        1327   9.4866659791349356E+276
        1328   1.5349747994157627E+277
        1329   2.4836413973292562E+277
        1330   4.0186161967450185E+277
        1331   6.5022575940742747E+277
        1332   1.0520873790819292E+278
        1333   1.7023131384893566E+278
        1334   2.7544005175712859E+278
        1335   4.4567136560606425E+278
        1336   7.2111141736319287E+278
        1337   1.1667827829692572E+279
        1338   1.8878942003324502E+279
        1339   3.0546769833017071E+279
        1340   4.9425711836341568E+279
        1341   7.9972481669358639E+279
        1342   1.2939819350570022E+280
        1343   2.0937067517505885E+280
        1344   3.3876886868075906E+280
        1345   5.4813954385581795E+280
        1346   8.8690841253657709E+280
        1347   1.4350479563923950E+281
        1348   2.3219563689289721E+281
        1349   3.7570043253213672E+281
        1350   6.0789606942503387E+281
        1351   9.8359650195717065E+281
        1352   1.5914925713822045E+282
        1353   2.5750890733393749E+282
        1354   4.1665816447215794E+282
        1355   6.7416707180609548E+282
        1356   1.0908252362782534E+283
        1357   1.7649923080843489E+283
        1358   2.8558175443626020E+283
        1359   4.6208098524469509E+283
        1360   7.4766273968095529E+283
        1361   1.2097437249256505E+284
        1362   1.9574064646066059E+284
        1363   3.1671501895322564E+284
        1364   5.1245566541388623E+284
        1365   8.2917068436711193E+284
        1366   1.3416263497809983E+285
        1367   2.1707970341481102E+285
        1368   3.5124233839291085E+285
        1369   5.6832204180772187E+285
        1370   9.1956438020063273E+285
        1371   1.4878864220083546E+286
        1372   2.4074508022089873E+286
        1373   3.8953372242173417E+286
        1374   6.3027880264263290E+286
        1375   1.0198125250643671E+287
        1376   1.6500913277070002E+287
        1377   2.6699038527713674E+287
        1378   4.3199951804783675E+287
        1379   6.9898990332497343E+287
        1380   1.1309894213728102E+288
        1381   1.8299793246977837E+288
        1382   2.9609687460705939E+288
        1383   4.7909480707683779E+288
        1384   7.7519168168389713E+288
        1385   1.2542864887607349E+289
        1386   2.0294781704446320E+289
        1387   3.2837646592053670E+289
        1388   5.3132428296499990E+289
        1389   8.5970074888553659E+289
        1390   1.3910250318505364E+290
        1391   2.2507257807360728E+290
        1392   3.6417508125866092E+290
        1393   5.8924765933226821E+290
        1394   9.5342274059092906E+290
        1395   1.5426703999231972E+291
        1396   2.4960931405141260E+291
        1397   4.0387635404373232E+291
        1398   6.5348566809514497E+291
        1399   1.0573620221388773E+292
        1400   1.7108476902340223E+292
        1401   2.7682097123728997E+292
        1402   4.4790574026069220E+292
        1403   7.2472671149798212E+292
        1404   1.1726324517586743E+293
        1405   1.8973591632566564E+293
        1406   3.0699916150153306E+293
        1407   4.9673507782719870E+293
        1408   8.0373423932873169E+293
        1409   1.3004693171559304E+294
        1410   2.1042035564846621E+294
        1411   3.4046728736405925E+294
        1412   5.5088764301252548E+294
        1413   8.9135493037658467E+294
        1414   1.4422425733891103E+295
        1415   2.3335975037656952E+295
        1416   3.7758400771548054E+295
        1417   6.1094375809205011E+295
        1418   9.8852776580753060E+295
        1419   1.5994715238995807E+296
        1420   2.5879992897071113E+296
        1421   4.1874708136066922E+296
        1422   6.7754701033138035E+296
        1423   1.0962940916920496E+297
        1424   1.7738411020234299E+297
        1425   2.8701351937154792E+297
        1426   4.6439762957389091E+297
        1427   7.5141114894543878E+297
        1428   1.2158087785193297E+298
        1429   1.9672199274647685E+298
        1430   3.1830287059840983E+298
        1431   5.1502486334488668E+298
        1432   8.3332773394329651E+298
        1433   1.3483525972881832E+299
        1434   2.1816803312314797E+299
        1435   3.5300329285196631E+299
        1436   5.7117132597511424E+299
        1437   9.2417461882708062E+299
        1438   1.4953459448021949E+300
        1439   2.4195205636292755E+300
        1440   3.9148665084314706E+300
        1441   6.3343870720607461E+300
        1442   1.0249253580492217E+301
        1443   1.6583640652552963E+301
        1444   2.6832894233045177E+301
        1445   4.3416534885598138E+301
        1446   7.0249429118643315E+301
        1447   1.1366596400424146E+302
        1448   1.8391539312288479E+302
        1449   2.9758135712712625E+302
        1450   4.8149675025001103E+302
        1451   7.7907810737713732E+302
        1452   1.2605748576271483E+303
        1453   2.0396529650042858E+303
        1454   3.3002278226314337E+303
        1455   5.3398807876357195E+303
        1456   8.6401086102671532E+303
        1457   1.3979989397902873E+304
        1458   2.2620098008170023E+304
        1459   3.6600087406072899E+304
        1460   5.9220185414242922E+304
        1461   9.5820272820315811E+304
        1462   1.5504045823455874E+305
        1463   2.5086073105487455E+305
        1464   4.0590118928943330E+305
        1465   6.5676192034430781E+305
        1466   1.0626631096337410E+306
        1467   1.7194250299780488E+306
        1468   2.7820881396117899E+306
        1469   4.5015131695898387E+306
        1470   7.2836013092016286E+306
        1471   1.1785114478791467E+307
        1472   1.9068715787993096E+307
        1473   3.0853830266784561E+307
        1474   4.9922546054777662E+307
        1475   8.0776376321562222E+307
        1476   1.3069892237633987E+308
        1477                  Infinity
        1478                  Infinity
        1479                  Infinity
        1480                  Infinity
        1481                  Infinity
        1482                  Infinity
        1483                  Infinity
        1484                  Infinity
        1485                  Infinity
        1486                  Infinity
        1487                  Infinity
        1488                  Infinity
        1489                  Infinity
        1490                  Infinity
        1491                  Infinity
        1492                  Infinity
        1493                  Infinity
        1494                  Infinity
        1495                  Infinity
        1496                  Infinity
        1497                  Infinity
        1498                  Infinity
        1499                  Infinity
        1500                  Infinity
