 t_j(0)p_LF(1)p_LF(2)p_LF(3)
  0.10000000000000001       0.28775816676473032       -1.4520272043486637       -2.6762988863849126     
  0.20000000000000001      -0.38913888588342366       -1.7453925349029726       -18.642601319032895     
  0.30000000000000004       -2.6717367226702331       -6.2857946798117181       -51.230322902323486     
  0.40000000000000002       0.26747123773491654       -18.214354694823726       -78.201889924776182     
  0.50000000000000000      -0.58104401552604190       -33.116952975335131       -108.03227049830656     
  0.60000000000000009       -2.8898418520039728       -49.373159884600760       -139.19105515282365     
  0.70000000000000007       -8.3681750978518501       -62.552634249027847       -167.24698798466068     
  0.80000000000000004       -15.989260386381430       -77.658770529227155       -197.21162056290851     
  0.90000000000000002       -24.732124064146795       -93.902718957504689       -228.30362501999437     
   1.0000000000000000       -30.612946810657515       -107.28429645726993       -256.53886401078682     
