   0.0000000000000000        0.0000000000000000     
   1.0000000000000000E-004   2.2615523060455947E-008
   2.0000000000000001E-004   4.5253897820603057E-008
   3.0000000000000003E-004   6.7864919800753902E-008
   4.0000000000000002E-004   9.0498735645004194E-008
   5.0000000000000001E-004   1.1310525231321981E-007
   6.0000000000000006E-004   1.3573450513412232E-007
   6.9999999999999999E-004   1.5833651225976581E-007
   8.0000000000000004E-004   1.8096119795059419E-007
   9.0000000000000008E-004   2.0355869130403397E-007
   1.0000000000000000E-003   2.2617880575879915E-007
   1.1000000000000001E-003   2.4877178111142080E-007
   1.2000000000000001E-003   2.7138732022488382E-007
   1.3000000000000002E-003   2.9397577334910236E-007
   1.4000000000000000E-003   3.1658673301678678E-007
   1.5000000000000000E-003   3.3917065968605856E-007
   1.6000000000000001E-003   3.6177703580426339E-007
   1.7000000000000001E-003   3.8435643179309813E-007
   1.8000000000000002E-003   4.0695822025891011E-007
   1.9000000000000000E-003   4.2953308134288308E-007
   2.0000000000000000E-003   4.5213027805418958E-007
   2.1000000000000003E-003   4.7470060000995358E-007
   2.2000000000000001E-003   4.9729320086545506E-007
   2.3000000000000000E-003   5.1985897947075206E-007
   2.4000000000000002E-003   5.4244698036997514E-007
   2.5000000000000001E-003   5.6500821140364923E-007
