   0.0000000000000000        0.0000000000000000     
   1.0000000000000000E-004   2.2620672111598497E-004
   2.0000000000000001E-004   2.2624690143017724E-004
   3.0000000000000003E-004   2.2622426472826133E-004
   4.0000000000000002E-004   2.2620160016155306E-004
   5.0000000000000001E-004   2.2617892516770943E-004
   6.0000000000000006E-004   2.2615623975265001E-004
   6.9999999999999999E-004   2.2613354391746123E-004
   8.0000000000000004E-004   2.2611083766323588E-004
   9.0000000000000008E-004   2.2608812099107441E-004
   1.0000000000000000E-003   2.2606539390208511E-004
   1.1000000000000001E-003   2.2604265639738388E-004
   1.2000000000000001E-003   2.2601990847809426E-004
   1.3000000000000002E-003   2.2599715014534781E-004
   1.4000000000000000E-003   2.2597438140028344E-004
   1.5000000000000000E-003   2.2595160224404799E-004
   1.6000000000000001E-003   2.2592881267779601E-004
   1.7000000000000001E-003   2.2590601270268968E-004
   1.8000000000000002E-003   2.2588320231989884E-004
   1.9000000000000000E-003   2.2586038153060123E-004
   2.0000000000000000E-003   2.2583755033598216E-004
   2.1000000000000003E-003   2.2581470873723463E-004
   2.2000000000000001E-003   2.2579185673555946E-004
   2.3000000000000000E-003   2.2576899433216502E-004
   2.4000000000000002E-003   2.2574612152826757E-004
   2.5000000000000001E-003   2.2572323832509091E-004
