   0.0000000000000000        0.0000000000000000     
   1.0000000000000000E-004   2.2620672745851561E-004
   2.0000000000000001E-004   2.2624692045889250E-004
   3.0000000000000003E-004   2.2622429644364282E-004
   4.0000000000000002E-004   2.2620164456231296E-004
   5.0000000000000001E-004   2.2617898225255211E-004
   6.0000000000000006E-004   2.2615630952027197E-004
   6.9999999999999999E-004   2.2613362636655121E-004
   8.0000000000000004E-004   2.2611093279247503E-004
   9.0000000000000008E-004   2.2608822879913613E-004
   1.0000000000000000E-003   2.2606551438763506E-004
   1.1000000000000001E-003   2.2604278955908012E-004
   1.2000000000000001E-003   2.2602005431458723E-004
   1.3000000000000002E-003   2.2599730865527996E-004
   1.4000000000000000E-003   2.2597455258228986E-004
   1.5000000000000000E-003   2.2595178609675595E-004
   1.6000000000000001E-003   2.2592900919982497E-004
   1.7000000000000001E-003   2.2590622189265158E-004
   1.8000000000000002E-003   2.2588342417639791E-004
   1.9000000000000000E-003   2.2586061605223389E-004
   2.0000000000000000E-003   2.2583779752133727E-004
   2.1000000000000003E-003   2.2581496858489343E-004
   2.2000000000000001E-003   2.2579212924409524E-004
   2.3000000000000000E-003   2.2576927950014366E-004
   2.4000000000000002E-003   2.2574641935424710E-004
   2.5000000000000001E-003   2.2572354880762179E-004
