   0.0000000000000000        0.0000000000000000     
   1.0000000000000000E-004   2.2620672745851565E-008
   2.0000000000000001E-004   4.5245364791740816E-008
   3.0000000000000003E-004   6.7867794436105107E-008
   4.0000000000000002E-004   9.0487958892336401E-008
   5.0000000000000001E-004   1.1310585711759162E-007
   6.0000000000000006E-004   1.3572148806961880E-007
   6.9999999999999999E-004   1.5833485070627392E-007
   8.0000000000000004E-004   1.8094594398552142E-007
   9.0000000000000008E-004   2.0355476686543503E-007
   1.0000000000000000E-003   2.2616131830419854E-007
   1.1000000000000001E-003   2.4876559726010655E-007
   1.2000000000000001E-003   2.7136760269156530E-007
   1.3000000000000002E-003   2.9396733355709330E-007
   1.4000000000000000E-003   3.1656478881532228E-007
   1.5000000000000000E-003   3.3915996742499784E-007
   1.6000000000000001E-003   3.6175286834498037E-007
   1.7000000000000001E-003   3.8434349053424556E-007
   1.8000000000000002E-003   4.0693183295188539E-007
   1.9000000000000000E-003   4.2951789455710874E-007
   2.0000000000000000E-003   4.5210167430924248E-007
   2.1000000000000003E-003   4.7468317116773182E-007
   2.2000000000000001E-003   4.9726238409214132E-007
   2.3000000000000000E-003   5.1983931204215563E-007
   2.4000000000000002E-003   5.4241395397758041E-007
   2.5000000000000001E-003   5.6498630885834262E-007
