   0.0000000000000000        0.0000000000000000     
   1.0000000000000000E-004  0.41563870408163262     
   2.0000000000000001E-004  0.55135745294413707     
   3.0000000000000003E-004  0.51933194135098404     
   4.0000000000000002E-004  0.40760483691827065     
   5.0000000000000001E-004  0.27573493609416483     
   6.0000000000000006E-004  0.15780907722007870     
   6.9999999999999999E-004   6.8657353785569086E-002
   8.0000000000000004E-004   1.0561094735260956E-002
   9.0000000000000008E-004  -2.1019821478552136E-002
   1.0000000000000000E-003  -3.3271948411295382E-002
   1.1000000000000001E-003  -3.3412080806015043E-002
   1.2000000000000001E-003  -2.7346908854786189E-002
   1.3000000000000002E-003  -1.9229799780221490E-002
   1.4000000000000000E-003  -1.1556704902060289E-002
   1.5000000000000000E-003  -5.5195151430996181E-003
   1.6000000000000001E-003  -1.4258657479845338E-003
   1.7000000000000001E-003   9.2426332754419471E-004
   1.8000000000000002E-003   1.9531615527452750E-003
   1.9000000000000000E-003   2.1189577928438785E-003
   2.0000000000000000E-003   1.8139202010825639E-003
   2.1000000000000003E-003   1.3246652740090958E-003
   2.2000000000000001E-003   8.3126175540371161E-004
   2.3000000000000000E-003   4.2634343981207135E-004
   2.4000000000000002E-003   1.4092008339067208E-004
   2.5000000000000001E-003  -3.1135063100817817E-005
