   0.0000000000000000        0.0000000000000000     
   1.0000000000000000E-004   4.5231046120911889E-004
   2.0000000000000001E-004   4.5703399382320421E-007
   3.0000000000000003E-004   4.5176340560919330E-004
   4.0000000000000002E-004   9.1291127581256178E-007
   5.0000000000000001E-004   4.5121742208849964E-004
   6.0000000000000006E-004   1.3676343295499350E-006
   6.9999999999999999E-004   4.5067250818332002E-004
   8.0000000000000004E-004   1.8212056332464282E-006
   9.0000000000000008E-004   4.5012866143554831E-004
   1.0000000000000000E-003   2.2736276597550183E-006
   1.1000000000000001E-003   4.4958587939267745E-004
   1.2000000000000001E-003   2.7249028765823189E-006
   1.3000000000000002E-003   4.4904415960778755E-004
   1.4000000000000000E-003   3.1750337459009398E-006
   1.5000000000000000E-003   4.4850349963953336E-004
   1.6000000000000001E-003   3.6240227245616305E-006
   1.7000000000000001E-003   4.4796389705213262E-004
   1.8000000000000002E-003   4.0718722641050432E-006
   1.9000000000000000E-003   4.4742534941535385E-004
   2.0000000000000000E-003   4.5185848107739848E-006
   2.1000000000000003E-003   4.4688785430450353E-004
   2.2000000000000001E-003   4.9641628055258308E-006
   2.3000000000000000E-003   4.4635140930041539E-004
   2.4000000000000002E-003   5.4086086840431503E-006
   2.5000000000000001E-003   4.4581601198943747E-004
