   0.0000000000000000        0.0000000000000000     
   1.0000000000000000E-004   4.1563870408163264E-005
   2.0000000000000001E-004   9.6699615702576966E-005
   3.0000000000000003E-004   1.4863280983767538E-004
   4.0000000000000002E-004   1.8939329352950246E-004
   5.0000000000000001E-004   2.1696678713891896E-004
   6.0000000000000006E-004   2.3274769486092683E-004
   6.9999999999999999E-004   2.3961343023948375E-004
   8.0000000000000004E-004   2.4066953971300988E-004
   9.0000000000000008E-004   2.3856755756515466E-004
   1.0000000000000000E-003   2.3524036272402514E-004
   1.1000000000000001E-003   2.3189915464342365E-004
   1.2000000000000001E-003   2.2916446375794504E-004
   1.3000000000000002E-003   2.2724148377992290E-004
   1.4000000000000000E-003   2.2608581328971688E-004
   1.5000000000000000E-003   2.2553386177540693E-004
   1.6000000000000001E-003   2.2539127520060850E-004
   1.7000000000000001E-003   2.2548370153336293E-004
   1.8000000000000002E-003   2.2567901768863745E-004
   1.9000000000000000E-003   2.2589091346792185E-004
   2.0000000000000000E-003   2.2607230548803012E-004
   2.1000000000000003E-003   2.2620477201543103E-004
   2.2000000000000001E-003   2.2628789819097140E-004
   2.3000000000000000E-003   2.2633053253495261E-004
   2.4000000000000002E-003   2.2634462454329169E-004
   2.5000000000000001E-003   2.2634151103698161E-004
