   0.0000000000000000        0.0000000000000000     
   1.0000000000000000E-004   2.9304023330184599E-005
   2.0000000000000001E-004   9.6977341751565378E-005
   3.0000000000000003E-004   1.6893076207066522E-004
   4.0000000000000002E-004   2.2468133185988212E-004
   5.0000000000000001E-004   2.5678407932397759E-004
   6.0000000000000006E-004   2.6713230212516842E-004
   6.9999999999999999E-004   2.6243630922999101E-004
   8.0000000000000004E-004   2.5040621370748156E-004
   9.0000000000000008E-004   2.3732349879656154E-004
   1.0000000000000000E-003   2.2703083368451102E-004
   1.1000000000000001E-003   2.2098957532249962E-004
   1.2000000000000001E-003   2.1892919205096213E-004
   1.3000000000000002E-003   2.1966490717075955E-004
   1.4000000000000000E-003   2.2179918573128464E-004
   1.5000000000000000E-003   2.2417552412264520E-004
   1.6000000000000001E-003   2.2607393388513912E-004
   1.7000000000000001E-003   2.2720898973473602E-004
   1.8000000000000002E-003   2.2761617143134458E-004
   1.9000000000000000E-003   2.2750415461342835E-004
   2.0000000000000000E-003   2.2712600449805568E-004
   2.1000000000000003E-003   2.2669447284114774E-004
   2.2000000000000001E-003   2.2634429825734310E-004
   2.3000000000000000E-003   2.2613098462543447E-004
   2.4000000000000002E-003   2.2605062802736367E-004
   2.5000000000000001E-003   2.2606657148827549E-004
