   0.0000000000000000        0.0000000000000000     
   1.0000000000000000E-004   4.1563869242768559E-005
   2.0000000000000001E-004   9.6699610660461817E-005
   3.0000000000000003E-004   1.4863279791677448E-004
   4.0000000000000002E-004   1.8939327213081733E-004
   5.0000000000000001E-004   2.1696675434646954E-004
   6.0000000000000006E-004   2.3274764945913307E-004
   6.9999999999999999E-004   2.3961337159339024E-004
   8.0000000000000004E-004   2.4066946760053205E-004
   9.0000000000000008E-004   2.3856747201565819E-004
   1.0000000000000000E-003   2.3524026388978514E-004
   1.1000000000000001E-003   2.3189904271146895E-004
   1.2000000000000001E-003   2.2916433889869873E-004
   1.3000000000000002E-003   2.2724134612405017E-004
   1.4000000000000000E-003   2.2608566292361650E-004
   1.5000000000000000E-003   2.2553369874704298E-004
   1.6000000000000001E-003   2.2539109952954663E-004
   1.7000000000000001E-003   2.2548351322110844E-004
   1.8000000000000002E-003   2.2567881672722843E-004
   1.9000000000000000E-003   2.2589069984605363E-004
   2.0000000000000000E-003   2.2607207919479562E-004
   2.1000000000000003E-003   2.2620453304215732E-004
   2.2000000000000001E-003   2.2628764653174794E-004
   2.3000000000000000E-003   2.2633026818639468E-004
   2.4000000000000002E-003   2.2634434750395737E-004
   2.5000000000000001E-003   2.2634122130671879E-004
