   0.0000000000000000        0.0000000000000000     
   1.0000000000000000E-004  0.58608046660369195     
   2.0000000000000001E-004  0.76738590182392363     
   3.0000000000000003E-004  0.67168250455807299     
   4.0000000000000002E-004  0.44332889122626568     
   5.0000000000000001E-004  0.19872605805564453     
   6.0000000000000006E-004   8.2383979681721620E-003
   6.9999999999999999E-004 -0.10215825587172112     
   8.0000000000000004E-004 -0.13844365457846708     
   9.0000000000000008E-004 -0.12321064363993328     
   1.0000000000000000E-003  -8.2642658601077335E-002
   1.1000000000000001E-003  -3.8182508639150292E-002
   1.2000000000000001E-003  -3.0251567915994260E-003
   1.3000000000000002E-003   1.7739459187547379E-002
   1.4000000000000000E-003   2.4946112022953604E-002
   1.5000000000000000E-003   2.2580655804257388E-002
   1.6000000000000001E-003   1.5387539445620768E-002
   1.7000000000000001E-003   7.3135775463168962E-003
   1.8000000000000002E-003   8.3005638585398334E-004
   1.9000000000000000E-003  -3.0703927441791956E-003
   2.0000000000000000E-003  -4.4926095632741303E-003
   2.1000000000000003E-003  -4.1380235748841310E-003
   2.2000000000000001E-003  -2.8654681012098004E-003
   2.3000000000000000E-003  -1.4008045369632294E-003
   2.4000000000000002E-003  -2.0632742445281238E-004
   2.5000000000000001E-003   5.2519664268890764E-004
