   0.0000000000000000        0.0000000000000000     
   1.0000000000000000E-004   2.2620672111598499E-008
   2.0000000000000001E-004   4.5245362254616220E-008
   3.0000000000000003E-004   6.7867788727442359E-008
   4.0000000000000002E-004   9.0487948743597670E-008
   5.0000000000000001E-004   1.1310584126036862E-007
   6.0000000000000006E-004   1.3572146523563363E-007
   6.9999999999999999E-004   1.5833481962737975E-007
   8.0000000000000004E-004   1.8094590339370333E-007
   9.0000000000000008E-004   2.0355471549281078E-007
   1.0000000000000000E-003   2.2616125488301931E-007
   1.1000000000000001E-003   2.4876552052275768E-007
   1.2000000000000001E-003   2.7136751137056712E-007
   1.3000000000000002E-003   2.9396722638510186E-007
   1.4000000000000000E-003   3.1656466452513020E-007
   1.5000000000000000E-003   3.3915982474953498E-007
   1.6000000000000001E-003   3.6175270601731456E-007
   1.7000000000000001E-003   3.8434330728758351E-007
   1.8000000000000002E-003   4.0693162751957338E-007
   1.9000000000000000E-003   4.2951766567263347E-007
   2.0000000000000000E-003   4.5210142070623166E-007
   2.1000000000000003E-003   4.7468289157995517E-007
   2.2000000000000001E-003   4.9726207725351110E-007
   2.3000000000000000E-003   5.1983897668672764E-007
   2.4000000000000002E-003   5.4241358883955432E-007
   2.5000000000000001E-003   5.6498591267206339E-007
