   0.0000000000000000        0.0000000000000000     
   1.0000000000000000E-004  0.41563869242768559     
   2.0000000000000001E-004  0.55135741417693251     
   3.0000000000000003E-004  0.51933187256312641     
   4.0000000000000002E-004  0.40760474214042830     
   5.0000000000000001E-004  0.27573482215652223     
   6.0000000000000006E-004  0.15780895112663540     
   6.9999999999999999E-004   6.8657221342571573E-002
   8.0000000000000004E-004   1.0560960071417880E-002
   9.0000000000000008E-004  -2.1019955848738558E-002
   1.0000000000000000E-003  -3.3272081258730435E-002
   1.1000000000000001E-003  -3.3412211783162060E-002
   1.2000000000000001E-003  -2.7347038127702061E-002
   1.3000000000000002E-003  -1.9229927746485520E-002
   1.4000000000000000E-003  -1.1556832004336881E-002
   1.5000000000000000E-003  -5.5196417657353836E-003
   1.6000000000000001E-003  -1.4259921749634197E-003
   1.7000000000000001E-003   9.2413691561826772E-004
   1.8000000000000002E-003   1.9530350611996483E-003
   1.9000000000000000E-003   2.1188311882520128E-003
   2.0000000000000000E-003   1.8137934874197237E-003
   2.1000000000000003E-003   1.3245384736170207E-003
   2.2000000000000001E-003   8.3113489590597167E-004
   2.3000000000000000E-003   4.2621654646751717E-004
   2.4000000000000002E-003   1.4079317562676330E-004
   2.5000000000000001E-003  -3.1261972385787651E-005
